4029,'1495086',755,,1654,8,,,0
4029,'1495089',915,,1655,8,,,0
4029,'1495092',1035,,1656,8,,,0
4029,'1495095',1155,,1657,8,,,0
4029,'1495098',1315,,1658,8,,,0
4029,'1495101',1435,,1659,8,,,0
4029,'1495104',1555,,1660,8,,,0
4029,'1495107',1715,,1661,8,,,0
4029,'1495110',1835,,1662,8,,,0
4029,'1495113',1955,,1663,8,,,0
4029,'1495116',2115,,1664,8,,,0
4029,'1495346',635,,1665,8,,,0
4029,'1495349',755,,1666,8,,,0
4029,'1495352',915,,1667,8,,,0
4029,'1495355',1035,,1668,8,,,0
4029,'1495358',1155,,1669,8,,,0
4029,'1495361',1315,,1670,8,,,0
4029,'1495364',1435,,1671,8,,,0
4029,'1495367',1555,,1672,8,,,0
4029,'1495370',1715,,1673,8,,,0
4029,'1495373',1835,,1674,8,,,0
4029,'1495376',1955,,1675,8,,,0
4029,'1495379',2115,,1676,8,,,0
4029,'1495382',2235,,1677,8,,,0
4029,'1495384',2315,,1678,8,,,0
4029,'1495686',615,,1679,8,,,0
4029,'1495688',655,,1680,8,,,0
4029,'1495690',735,,1681,8,,,0
4029,'1495692',815,,1682,8,,,0
4029,'1495694',855,,1683,8,,,0
4029,'1495696',935,,1684,8,,,0
4029,'1495698',1015,,1685,8,,,0
4029,'1495700',1055,,1686,8,,,0
4029,'1495702',1135,,1687,8,,,0
4029,'1495704',1215,,1688,8,,,0
4029,'1495706',1255,,1689,8,,,0
4029,'1495708',1335,,1690,8,,,0
4029,'1495710',1415,,1691,8,,,0
4029,'1495712',1455,,1692,8,,,0
4029,'1495714',1535,,1693,8,,,0
4029,'1495716',1615,,1694,8,,,0
4029,'1495718',1655,,1695,8,,,0
4029,'1495720',1735,,1696,8,,,0
4029,'1495722',1815,,1697,8,,,0
4029,'1495724',1855,,1698,8,,,0
4029,'1495726',1935,,1699,8,,,0
4029,'1495728',2015,,1700,8,,,0
4029,'1495730',2055,,1701,8,,,0
4029,'1495732',2135,,1702,8,,,0
4029,'1495735',2255,,1703,8,,,0
