30005019,'1495118',706,,2168,6,,,0
30005019,'1495120',806,,2169,6,,,0
30005019,'1495122',906,,2170,6,,,0
30005019,'1495124',1006,,2171,6,,,0
30005019,'1495126',1106,,2172,6,,,0
30005019,'1495128',1206,,2173,6,,,0
30005019,'1495130',1306,,2174,6,,,0
30005019,'1495132',1406,,2175,6,,,0
30005019,'1495134',1506,,2176,6,,,0
30005019,'1495136',1606,,2177,6,,,0
30005019,'1495138',1706,,2178,6,,,0
30005019,'1495140',1806,,2179,6,,,0
30005019,'1495142',1906,,2180,6,,,0
30005019,'1495144',2006,,2181,6,,,0
30005019,'1495146',2106,,2182,6,,,0
30005019,'1495385',606,,2183,6,,,0
30005019,'1495387',706,,2184,6,,,0
30005019,'1495389',806,,2185,6,,,0
30005019,'1495391',906,,2186,6,,,0
30005019,'1495393',1006,,2187,6,,,0
30005019,'1495395',1106,,2188,6,,,0
30005019,'1495397',1206,,2189,6,,,0
30005019,'1495399',1306,,2190,6,,,0
30005019,'1495401',1406,,2191,6,,,0
30005019,'1495403',1506,,2192,6,,,0
30005019,'1495405',1606,,2193,6,,,0
30005019,'1495407',1706,,2194,6,,,0
30005019,'1495409',1806,,2195,6,,,0
30005019,'1495411',1906,,2196,6,,,0
30005019,'1495413',2006,,2197,6,,,0
30005019,'1495415',2106,,2198,6,,,0
30005019,'1495417',2206,,2199,6,,,0
30005019,'1495760',1906,,2200,6,,,0
30005019,'1495762',2006,,2201,6,,,0
30005019,'1495764',2106,,2202,6,,,0
30005019,'1495766',2206,,2203,6,,,0
30005019,'1495768',506,,2204,6,,,0
30005019,'1495770',606,,2205,6,,,0
30005019,'1495772',706,,2206,6,,,0
30005019,'1495773',736,,2207,6,,,0
30005019,'1495774',806,,2208,6,,,0
30005019,'1495775',836,,2209,6,,,0
30005019,'1495776',906,,2210,6,,,0
30005019,'1495777',936,,2211,6,,,0
30005019,'1495778',1006,,2212,6,,,0
30005019,'1495779',1036,,2213,6,,,0
30005019,'1495780',1106,,2214,6,,,0
30005019,'1495781',1136,,2215,6,,,0
30005019,'1495782',1206,,2216,6,,,0
30005019,'1495783',1236,,2217,6,,,0
30005019,'1495784',1306,,2218,6,,,0
30005019,'1495785',1336,,2219,6,,,0
30005019,'1495786',1406,,2220,6,,,0
30005019,'1495787',1436,,2221,6,,,0
30005019,'1495788',1506,,2222,6,,,0
30005019,'1495789',1536,,2223,6,,,0
30005019,'1495790',1606,,2224,6,,,0
30005019,'1495791',1636,,2225,6,,,0
30005019,'1495792',1706,,2226,6,,,0
30005019,'1495793',1736,,2227,6,,,0
30005019,'1495794',1806,,2228,6,,,0
30005019,'1495795',1836,,2229,6,,,0
