8019,'1495087',816,,1960,12,,,0
8019,'1495090',936,,1961,12,,,0
8019,'1495093',1056,,1962,12,,,0
8019,'1495096',1216,,1963,12,,,0
8019,'1495099',1336,,1964,12,,,0
8019,'1495102',1456,,1965,12,,,0
8019,'1495105',1616,,1966,12,,,0
8019,'1495108',1736,,1967,12,,,0
8019,'1495111',1856,,1968,12,,,0
8019,'1495114',2016,,1969,12,,,0
8019,'1495117',2136,,1970,12,,,0
8019,'1495190',1136,,1971,12,,,0
8019,'1495347',656,,1972,12,,,0
8019,'1495350',816,,1973,12,,,0
8019,'1495353',936,,1974,12,,,0
8019,'1495356',1056,,1975,12,,,0
8019,'1495359',1216,,1976,12,,,0
8019,'1495362',1336,,1977,12,,,0
8019,'1495365',1456,,1978,12,,,0
8019,'1495368',1616,,1979,12,,,0
8019,'1495371',1736,,1980,12,,,0
8019,'1495374',1856,,1981,12,,,0
8019,'1495377',2016,,1982,12,,,0
8019,'1495380',2136,,1983,12,,,0
8019,'1495733',2156,,1984,12,,,0
8019,'1495911',636,,1985,12,,,0
8019,'1495912',716,,1986,12,,,0
8019,'1495913',756,,1987,12,,,0
8019,'1495914',836,,1988,12,,,0
8019,'1495915',916,,1989,12,,,0
8019,'1495916',956,,1990,12,,,0
8019,'1495917',1036,,1991,12,,,0
8019,'1495918',1116,,1992,12,,,0
8019,'1495919',1156,,1993,12,,,0
8019,'1495920',1236,,1994,12,,,0
8019,'1495921',1316,,1995,12,,,0
8019,'1495922',1356,,1996,12,,,0
8019,'1495923',1436,,1997,12,,,0
8019,'1495924',1516,,1998,12,,,0
8019,'1495925',1556,,1999,12,,,0
8019,'1495926',1636,,2000,12,,,0
8019,'1495927',1716,,2001,12,,,0
8019,'1495928',1756,,2002,12,,,0
8019,'1495929',1836,,2003,12,,,0
8019,'1495930',1916,,2004,12,,,0
8019,'1495931',1956,,2005,12,,,0
8019,'1495932',2036,,2006,12,,,0
