6019,'1495151',922,,1704,22,,,0
6019,'1495153',1022,,1705,22,,,0
6019,'1495155',1122,,1706,22,,,0
6019,'1495157',1222,,1707,22,,,0
6019,'1495159',1322,,1708,22,,,0
6019,'1495161',1422,,1709,22,,,0
6019,'1495171',2052,,1710,22,,,0
6019,'1495173',2152,,1711,22,,,0
6019,'1495422',822,,1712,22,,,0
6019,'1495424',922,,1713,22,,,0
6019,'1495426',1022,,1714,22,,,0
6019,'1495428',1122,,1715,22,,,0
6019,'1495430',1222,,1716,22,,,0
6019,'1495432',1322,,1717,22,,,0
6019,'1495444',2052,,1718,22,,,0
6019,'1495446',2152,,1719,22,,,0
6019,'1495448',2252,,1720,22,,,0
6019,'1495803',952,,1721,22,,,0
6019,'1495805',1052,,1722,22,,,0
6019,'1495807',1152,,1723,22,,,0
6019,'1495809',1252,,1724,22,,,0
6019,'1495811',1352,,1725,22,,,0
6019,'1495813',1452,,1726,22,,,0
6019,'1495823',2122,,1727,22,,,0
6019,'1495825',2222,,1728,22,,,0
6019,'1495827',2322,,1729,22,,,0
6019,'1495834',922,,1730,22,,,0
6019,'1495836',1022,,1731,22,,,0
6019,'1495838',1122,,1732,22,,,0
6019,'1495840',1222,,1733,22,,,0
6019,'1495842',1322,,1734,22,,,0
6019,'1495844',1422,,1735,22,,,0
6029,'1495149',812,,1737,29,0,5,0
6029,'1495163',1532,,1745,29,0,5,0
6029,'1495165',1652,,1747,29,0,5,0
6029,'1495167',1812,,1749,29,0,5,0
6029,'1495169',1932,,1751,29,0,5,0
6029,'1495420',712,,1755,29,0,5,0
6029,'1495434',1432,,1763,29,0,5,0
6029,'1495436',1552,,1765,29,0,5,0
6029,'1495438',1712,,1767,29,0,5,0
6029,'1495440',1832,,1769,29,0,5,0
6029,'1495442',1952,,1771,29,0,5,0
6029,'1495797',612,,1776,29,0,5,0
6029,'1495799',732,,1778,29,0,5,0
6029,'1495801',852,,1780,29,0,5,0
6029,'1495815',1612,,1788,29,0,5,0
6029,'1495817',1732,,1790,29,0,5,0
6029,'1495819',1852,,1792,29,0,5,0
6029,'1495821',2012,,1794,29,0,5,0
6029,'1495828',532,,1798,29,0,5,0
6029,'1495830',652,,1800,29,0,5,0
6029,'1495832',812,,1802,29,0,5,0
6029,'1495846',1532,,1810,29,0,5,0
6029,'1495848',1652,,1812,29,0,5,0
6029,'1495850',1812,,1814,29,0,5,0
140000019,'1495223',2250,,2230,24,,,0
140000019,'1495507',2350,,2231,24,,,0
140000019,'1495910',2350,,2232,24,,,0
