6019,'1495151',909,,1704,7,,,0
6019,'1495153',1009,,1705,7,,,0
6019,'1495155',1109,,1706,7,,,0
6019,'1495157',1209,,1707,7,,,0
6019,'1495159',1309,,1708,7,,,0
6019,'1495161',1409,,1709,7,,,0
6019,'1495171',2039,,1710,7,,,0
6019,'1495173',2139,,1711,7,,,0
6019,'1495422',809,,1712,7,,,0
6019,'1495424',909,,1713,7,,,0
6019,'1495426',1009,,1714,7,,,0
6019,'1495428',1109,,1715,7,,,0
6019,'1495430',1209,,1716,7,,,0
6019,'1495432',1309,,1717,7,,,0
6019,'1495444',2039,,1718,7,,,0
6019,'1495446',2139,,1719,7,,,0
6019,'1495448',2239,,1720,7,,,0
6019,'1495803',939,,1721,7,,,0
6019,'1495805',1039,,1722,7,,,0
6019,'1495807',1139,,1723,7,,,0
6019,'1495809',1239,,1724,7,,,0
6019,'1495811',1339,,1725,7,,,0
6019,'1495813',1439,,1726,7,,,0
6019,'1495823',2109,,1727,7,,,0
6019,'1495825',2209,,1728,7,,,0
6019,'1495827',2309,,1729,7,,,0
6019,'1495834',909,,1730,7,,,0
6019,'1495836',1009,,1731,7,,,0
6019,'1495838',1109,,1732,7,,,0
6019,'1495840',1209,,1733,7,,,0
6019,'1495842',1309,,1734,7,,,0
6019,'1495844',1409,,1735,7,,,0
6029,'1495149',750,,1737,7,0,5,0
6029,'1495163',1510,,1745,7,0,5,0
6029,'1495165',1630,,1747,7,0,5,0
6029,'1495167',1750,,1749,7,0,5,0
6029,'1495169',1910,,1751,7,0,5,0
6029,'1495420',650,,1755,7,0,5,0
6029,'1495434',1410,,1763,7,0,5,0
6029,'1495436',1530,,1765,7,0,5,0
6029,'1495438',1650,,1767,7,0,5,0
6029,'1495440',1810,,1769,7,0,5,0
6029,'1495442',1930,,1771,7,0,5,0
6029,'1495797',550,,1776,7,0,5,0
6029,'1495799',710,,1778,7,0,5,0
6029,'1495801',830,,1780,7,0,5,0
6029,'1495815',1550,,1788,7,0,5,0
6029,'1495817',1710,,1790,7,0,5,0
6029,'1495819',1830,,1792,7,0,5,0
6029,'1495821',1950,,1794,7,0,5,0
6029,'1495828',510,,1798,7,0,5,0
6029,'1495830',630,,1800,7,0,5,0
6029,'1495832',750,,1802,7,0,5,0
6029,'1495846',1510,,1810,7,0,5,0
6029,'1495848',1630,,1812,7,0,5,0
6029,'1495850',1750,,1814,7,0,5,0
140000019,'1495223',2237,,2230,7,,,0
140000019,'1495507',2337,,2231,7,,,0
140000019,'1495910',2337,,2232,7,,,0
