30003019,'1495062',747,,2119,13,,,0
30003019,'1495064',847,,2120,13,,,0
30003019,'1495066',947,,2121,13,,,0
30003019,'1495068',1047,,2122,13,,,0
30003019,'1495070',1147,,2123,13,,,0
30003019,'1495072',1247,,2124,13,,,0
30003019,'1495074',1347,,2125,13,,,0
30003019,'1495076',1447,,2126,13,,,0
30003019,'1495078',1547,,2127,13,,,0
30003019,'1495080',1647,,2128,13,,,0
30003019,'1495082',1747,,2129,13,,,0
30003019,'1495084',1847,,2130,13,,,0
30003019,'1495216',2017,,2131,13,,,0
30003019,'1495316',747,,2132,13,,,0
30003019,'1495318',847,,2133,13,,,0
30003019,'1495320',947,,2134,13,,,0
30003019,'1495322',1047,,2135,13,,,0
30003019,'1495324',1147,,2136,13,,,0
30003019,'1495326',1247,,2137,13,,,0
30003019,'1495328',1347,,2138,13,,,0
30003019,'1495330',1447,,2139,13,,,0
30003019,'1495332',1547,,2140,13,,,0
30003019,'1495334',1647,,2141,13,,,0
30003019,'1495336',1747,,2142,13,,,0
30003019,'1495338',1847,,2143,13,,,0
30003019,'1495340',1947,,2144,13,,,0
30003019,'1495342',2047,,2145,13,,,0
30003019,'1495344',2147,,2146,13,,,0
30003019,'1495631',717,,2147,13,,,0
30003019,'1495645',1417,,2148,13,,,0
30003019,'1495647',1517,,2149,13,,,0
30003019,'1495649',1617,,2150,13,,,0
30003019,'1495651',1717,,2151,13,,,0
30003019,'1495653',1817,,2152,13,,,0
30003019,'1495655',1917,,2153,13,,,0
30003019,'1495657',2017,,2154,13,,,0
30003019,'1495659',2117,,2155,13,,,0
30003019,'1495661',2217,,2156,13,,,0
30003019,'1495662',832,,2157,13,,,0
30003019,'1495663',902,,2158,13,,,0
30003019,'1495664',932,,2159,13,,,0
30003019,'1495665',1002,,2160,13,,,0
30003019,'1495666',1032,,2161,13,,,0
30003019,'1495667',1102,,2162,13,,,0
30003019,'1495668',1132,,2163,13,,,0
30003019,'1495669',1202,,2164,13,,,0
30003019,'1495670',1232,,2165,13,,,0
30003019,'1495671',1302,,2166,13,,,0
30003019,'1495672',1332,,2167,13,,,0
