30005019,'1495118',726,,2168,26,,,0
30005019,'1495120',826,,2169,26,,,0
30005019,'1495122',926,,2170,26,,,0
30005019,'1495124',1026,,2171,26,,,0
30005019,'1495126',1126,,2172,26,,,0
30005019,'1495128',1226,,2173,26,,,0
30005019,'1495130',1326,,2174,26,,,0
30005019,'1495132',1426,,2175,26,,,0
30005019,'1495134',1526,,2176,26,,,0
30005019,'1495136',1626,,2177,26,,,0
30005019,'1495138',1726,,2178,26,,,0
30005019,'1495140',1826,,2179,26,,,0
30005019,'1495142',1926,,2180,26,,,0
30005019,'1495144',2026,,2181,26,,,0
30005019,'1495146',2126,,2182,26,,,0
30005019,'1495385',626,,2183,26,,,0
30005019,'1495387',726,,2184,26,,,0
30005019,'1495389',826,,2185,26,,,0
30005019,'1495391',926,,2186,26,,,0
30005019,'1495393',1026,,2187,26,,,0
30005019,'1495395',1126,,2188,26,,,0
30005019,'1495397',1226,,2189,26,,,0
30005019,'1495399',1326,,2190,26,,,0
30005019,'1495401',1426,,2191,26,,,0
30005019,'1495403',1526,,2192,26,,,0
30005019,'1495405',1626,,2193,26,,,0
30005019,'1495407',1726,,2194,26,,,0
30005019,'1495409',1826,,2195,26,,,0
30005019,'1495411',1926,,2196,26,,,0
30005019,'1495413',2026,,2197,26,,,0
30005019,'1495415',2126,,2198,26,,,0
30005019,'1495417',2226,,2199,26,,,0
30005019,'1495760',1926,,2200,26,,,0
30005019,'1495762',2026,,2201,26,,,0
30005019,'1495764',2126,,2202,26,,,0
30005019,'1495766',2226,,2203,26,,,0
30005019,'1495768',526,,2204,26,,,0
30005019,'1495770',626,,2205,26,,,0
30005019,'1495772',726,,2206,26,,,0
30005019,'1495773',756,,2207,26,,,0
30005019,'1495774',826,,2208,26,,,0
30005019,'1495775',856,,2209,26,,,0
30005019,'1495776',926,,2210,26,,,0
30005019,'1495777',956,,2211,26,,,0
30005019,'1495778',1026,,2212,26,,,0
30005019,'1495779',1056,,2213,26,,,0
30005019,'1495780',1126,,2214,26,,,0
30005019,'1495781',1156,,2215,26,,,0
30005019,'1495782',1226,,2216,26,,,0
30005019,'1495783',1256,,2217,26,,,0
30005019,'1495784',1326,,2218,26,,,0
30005019,'1495785',1356,,2219,26,,,0
30005019,'1495786',1426,,2220,26,,,0
30005019,'1495787',1456,,2221,26,,,0
30005019,'1495788',1526,,2222,26,,,0
30005019,'1495789',1556,,2223,26,,,0
30005019,'1495790',1626,,2224,26,,,0
30005019,'1495791',1656,,2225,26,,,0
30005019,'1495792',1726,,2226,26,,,0
30005019,'1495793',1756,,2227,26,,,0
30005019,'1495794',1826,,2228,26,,,0
30005019,'1495795',1856,,2229,26,,,0
