8019,'1495087',830,,1960,23,,,0
8019,'1495090',950,,1961,23,,,0
8019,'1495093',1110,,1962,23,,,0
8019,'1495096',1230,,1963,23,,,0
8019,'1495099',1350,,1964,23,,,0
8019,'1495102',1510,,1965,23,,,0
8019,'1495105',1630,,1966,23,,,0
8019,'1495108',1750,,1967,23,,,0
8019,'1495111',1910,,1968,23,,,0
8019,'1495114',2030,,1969,23,,,0
8019,'1495117',2150,,1970,23,,,0
8019,'1495190',1150,,1971,23,,,0
8019,'1495347',710,,1972,23,,,0
8019,'1495350',830,,1973,23,,,0
8019,'1495353',950,,1974,23,,,0
8019,'1495356',1110,,1975,23,,,0
8019,'1495359',1230,,1976,23,,,0
8019,'1495362',1350,,1977,23,,,0
8019,'1495365',1510,,1978,23,,,0
8019,'1495368',1630,,1979,23,,,0
8019,'1495371',1750,,1980,23,,,0
8019,'1495374',1910,,1981,23,,,0
8019,'1495377',2030,,1982,23,,,0
8019,'1495380',2150,,1983,23,,,0
8019,'1495733',2210,,1984,23,,,0
8019,'1495911',650,,1985,23,,,0
8019,'1495912',730,,1986,23,,,0
8019,'1495913',810,,1987,23,,,0
8019,'1495914',850,,1988,23,,,0
8019,'1495915',930,,1989,23,,,0
8019,'1495916',1010,,1990,23,,,0
8019,'1495917',1050,,1991,23,,,0
8019,'1495918',1130,,1992,23,,,0
8019,'1495919',1210,,1993,23,,,0
8019,'1495920',1250,,1994,23,,,0
8019,'1495921',1330,,1995,23,,,0
8019,'1495922',1410,,1996,23,,,0
8019,'1495923',1450,,1997,23,,,0
8019,'1495924',1530,,1998,23,,,0
8019,'1495925',1610,,1999,23,,,0
8019,'1495926',1650,,2000,23,,,0
8019,'1495927',1730,,2001,23,,,0
8019,'1495928',1810,,2002,23,,,0
8019,'1495929',1850,,2003,23,,,0
8019,'1495930',1930,,2004,23,,,0
8019,'1495931',2010,,2005,23,,,0
8019,'1495932',2050,,2006,23,,,0
