10005019,'1495119',756,,2057,22,,,0
10005019,'1495121',856,,2058,22,,,0
10005019,'1495123',956,,2059,22,,,0
10005019,'1495125',1056,,2060,22,,,0
10005019,'1495127',1156,,2061,22,,,0
10005019,'1495129',1256,,2062,22,,,0
10005019,'1495131',1356,,2063,22,,,0
10005019,'1495133',1456,,2064,22,,,0
10005019,'1495135',1556,,2065,22,,,0
10005019,'1495137',1656,,2066,22,,,0
10005019,'1495139',1756,,2067,22,,,0
10005019,'1495141',1856,,2068,22,,,0
10005019,'1495143',1956,,2069,22,,,0
10005019,'1495145',2056,,2070,22,,,0
10005019,'1495147',2156,,2071,22,,,0
10005019,'1495386',656,,2072,22,,,0
10005019,'1495388',756,,2073,22,,,0
10005019,'1495390',856,,2074,22,,,0
10005019,'1495392',956,,2075,22,,,0
10005019,'1495394',1056,,2076,22,,,0
10005019,'1495396',1156,,2077,22,,,0
10005019,'1495398',1256,,2078,22,,,0
10005019,'1495400',1356,,2079,22,,,0
10005019,'1495402',1456,,2080,22,,,0
10005019,'1495404',1556,,2081,22,,,0
10005019,'1495406',1656,,2082,22,,,0
10005019,'1495408',1756,,2083,22,,,0
10005019,'1495410',1856,,2084,22,,,0
10005019,'1495412',1956,,2085,22,,,0
10005019,'1495414',2056,,2086,22,,,0
10005019,'1495416',2156,,2087,22,,,0
10005019,'1495418',2256,,2088,22,,,0
10005019,'1495736',726,,2089,22,,,0
10005019,'1495737',756,,2090,22,,,0
10005019,'1495738',826,,2091,22,,,0
10005019,'1495739',856,,2092,22,,,0
10005019,'1495740',926,,2093,22,,,0
10005019,'1495741',956,,2094,22,,,0
10005019,'1495742',1026,,2095,22,,,0
10005019,'1495743',1056,,2096,22,,,0
10005019,'1495744',1126,,2097,22,,,0
10005019,'1495745',1156,,2098,22,,,0
10005019,'1495746',1226,,2099,22,,,0
10005019,'1495747',1256,,2100,22,,,0
10005019,'1495748',1326,,2101,22,,,0
10005019,'1495749',1356,,2102,22,,,0
10005019,'1495750',1426,,2103,22,,,0
10005019,'1495751',1456,,2104,22,,,0
10005019,'1495752',1526,,2105,22,,,0
10005019,'1495753',1556,,2106,22,,,0
10005019,'1495754',1626,,2107,22,,,0
10005019,'1495755',1656,,2108,22,,,0
10005019,'1495756',1726,,2109,22,,,0
10005019,'1495757',1756,,2110,22,,,0
10005019,'1495758',1826,,2111,22,,,0
10005019,'1495759',1856,,2112,22,,,0
10005019,'1495761',1956,,2113,22,,,0
10005019,'1495763',2056,,2114,22,,,0
10005019,'1495765',2156,,2115,22,,,0
10005019,'1495767',2256,,2116,22,,,0
10005019,'1495769',556,,2117,22,,,0
10005019,'1495771',656,,2118,22,,,0
