6019,'1495151',926,,1704,27,,,0
6019,'1495153',1026,,1705,27,,,0
6019,'1495155',1126,,1706,27,,,0
6019,'1495157',1226,,1707,27,,,0
6019,'1495159',1326,,1708,27,,,0
6019,'1495161',1426,,1709,27,,,0
6019,'1495171',2056,,1710,27,,,0
6019,'1495173',2156,,1711,27,,,0
6019,'1495422',826,,1712,27,,,0
6019,'1495424',926,,1713,27,,,0
6019,'1495426',1026,,1714,27,,,0
6019,'1495428',1126,,1715,27,,,0
6019,'1495430',1226,,1716,27,,,0
6019,'1495432',1326,,1717,27,,,0
6019,'1495444',2056,,1718,27,,,0
6019,'1495446',2156,,1719,27,,,0
6019,'1495448',2256,,1720,27,,,0
6019,'1495803',956,,1721,27,,,0
6019,'1495805',1056,,1722,27,,,0
6019,'1495807',1156,,1723,27,,,0
6019,'1495809',1256,,1724,27,,,0
6019,'1495811',1356,,1725,27,,,0
6019,'1495813',1456,,1726,27,,,0
6019,'1495823',2126,,1727,27,,,0
6019,'1495825',2226,,1728,27,,,0
6019,'1495827',2326,,1729,27,,,0
6019,'1495834',926,,1730,27,,,0
6019,'1495836',1026,,1731,27,,,0
6019,'1495838',1126,,1732,27,,,0
6019,'1495840',1226,,1733,27,,,0
6019,'1495842',1326,,1734,27,,,0
6019,'1495844',1426,,1735,27,,,0
6029,'1495149',816,,1737,34,0,5,0
6029,'1495163',1536,,1745,34,0,5,0
6029,'1495165',1656,,1747,34,0,5,0
6029,'1495167',1816,,1749,34,0,5,0
6029,'1495169',1936,,1751,34,0,5,0
6029,'1495420',716,,1755,34,0,5,0
6029,'1495434',1436,,1763,34,0,5,0
6029,'1495436',1556,,1765,34,0,5,0
6029,'1495438',1716,,1767,34,0,5,0
6029,'1495440',1836,,1769,34,0,5,0
6029,'1495442',1956,,1771,34,0,5,0
6029,'1495797',616,,1776,34,0,5,0
6029,'1495799',736,,1778,34,0,5,0
6029,'1495801',856,,1780,34,0,5,0
6029,'1495815',1616,,1788,34,0,5,0
6029,'1495817',1736,,1790,34,0,5,0
6029,'1495819',1856,,1792,34,0,5,0
6029,'1495821',2016,,1794,34,0,5,0
6029,'1495828',536,,1798,34,0,5,0
6029,'1495830',656,,1800,34,0,5,0
6029,'1495832',816,,1802,34,0,5,0
6029,'1495846',1536,,1810,34,0,5,0
6029,'1495848',1656,,1812,34,0,5,0
6029,'1495850',1816,,1814,34,0,5,0
140000019,'1495223',2254,,2230,29,,,0
140000019,'1495507',2354,,2231,29,,,0
140000019,'1495910',2354,,2232,29,,,0
