10003019,'1495063',813,,2007,11,,,0
10003019,'1495065',913,,2008,11,,,0
10003019,'1495067',1013,,2009,11,,,0
10003019,'1495069',1113,,2010,11,,,0
10003019,'1495071',1213,,2011,11,,,0
10003019,'1495073',1313,,2012,11,,,0
10003019,'1495075',1413,,2013,11,,,0
10003019,'1495077',1513,,2014,11,,,0
10003019,'1495079',1613,,2015,11,,,0
10003019,'1495081',1713,,2016,11,,,0
10003019,'1495083',1813,,2017,11,,,0
10003019,'1495213',1913,,2018,11,,,0
10003019,'1495219',2113,,2019,11,,,0
10003019,'1495317',813,,2020,11,,,0
10003019,'1495319',913,,2021,11,,,0
10003019,'1495321',1013,,2022,11,,,0
10003019,'1495323',1113,,2023,11,,,0
10003019,'1495325',1213,,2024,11,,,0
10003019,'1495327',1313,,2025,11,,,0
10003019,'1495329',1413,,2026,11,,,0
10003019,'1495331',1513,,2027,11,,,0
10003019,'1495333',1613,,2028,11,,,0
10003019,'1495335',1713,,2029,11,,,0
10003019,'1495337',1813,,2030,11,,,0
10003019,'1495339',1913,,2031,11,,,0
10003019,'1495341',2013,,2032,11,,,0
10003019,'1495343',2113,,2033,11,,,0
10003019,'1495451',713,,2034,11,,,0
10003019,'1495630',643,,2035,11,,,0
10003019,'1495632',743,,2036,11,,,0
10003019,'1495633',813,,2037,11,,,0
10003019,'1495634',843,,2038,11,,,0
10003019,'1495635',913,,2039,11,,,0
10003019,'1495636',943,,2040,11,,,0
10003019,'1495637',1013,,2041,11,,,0
10003019,'1495638',1043,,2042,11,,,0
10003019,'1495639',1113,,2043,11,,,0
10003019,'1495640',1143,,2044,11,,,0
10003019,'1495641',1213,,2045,11,,,0
10003019,'1495642',1243,,2046,11,,,0
10003019,'1495643',1313,,2047,11,,,0
10003019,'1495644',1343,,2048,11,,,0
10003019,'1495646',1443,,2049,11,,,0
10003019,'1495648',1543,,2050,11,,,0
10003019,'1495650',1643,,2051,11,,,0
10003019,'1495652',1743,,2052,11,,,0
10003019,'1495654',1843,,2053,11,,,0
10003019,'1495656',1943,,2054,11,,,0
10003019,'1495658',2043,,2055,11,,,0
10003019,'1495660',2143,,2056,11,,,0
