10005019,'1495119',730,,2057,1,,,0,28,,2057,24,4,,0
10005019,'1495121',830,,2058,1,,,0,28,,2058,24,4,,0
10005019,'1495123',930,,2059,1,,,0,28,,2059,24,4,,0
10005019,'1495125',1030,,2060,1,,,0,28,,2060,24,4,,0
10005019,'1495127',1130,,2061,1,,,0,28,,2061,24,4,,0
10005019,'1495129',1230,,2062,1,,,0,28,,2062,24,4,,0
10005019,'1495131',1330,,2063,1,,,0,28,,2063,24,4,,0
10005019,'1495133',1430,,2064,1,,,0,28,,2064,24,4,,0
10005019,'1495135',1530,,2065,1,,,0,28,,2065,24,4,,0
10005019,'1495137',1630,,2066,1,,,0,28,,2066,24,4,,0
10005019,'1495139',1730,,2067,1,,,0,28,,2067,24,4,,0
10005019,'1495141',1830,,2068,1,,,0,28,,2068,24,4,,0
10005019,'1495143',1930,,2069,1,,,0,28,,2069,24,4,,0
10005019,'1495145',2030,,2070,1,,,0,28,,2070,24,4,,0
10005019,'1495147',2130,,2071,1,,,0,28,,2071,24,4,,0
10005019,'1495386',630,,2072,1,,,0,28,,2072,24,4,,0
10005019,'1495388',730,,2073,1,,,0,28,,2073,24,4,,0
10005019,'1495390',830,,2074,1,,,0,28,,2074,24,4,,0
10005019,'1495392',930,,2075,1,,,0,28,,2075,24,4,,0
10005019,'1495394',1030,,2076,1,,,0,28,,2076,24,4,,0
10005019,'1495396',1130,,2077,1,,,0,28,,2077,24,4,,0
10005019,'1495398',1230,,2078,1,,,0,28,,2078,24,4,,0
10005019,'1495400',1330,,2079,1,,,0,28,,2079,24,4,,0
10005019,'1495402',1430,,2080,1,,,0,28,,2080,24,4,,0
10005019,'1495404',1530,,2081,1,,,0,28,,2081,24,4,,0
10005019,'1495406',1630,,2082,1,,,0,28,,2082,24,4,,0
10005019,'1495408',1730,,2083,1,,,0,28,,2083,24,4,,0
10005019,'1495410',1830,,2084,1,,,0,28,,2084,24,4,,0
10005019,'1495412',1930,,2085,1,,,0,28,,2085,24,4,,0
10005019,'1495414',2030,,2086,1,,,0,28,,2086,24,4,,0
10005019,'1495416',2130,,2087,1,,,0,28,,2087,24,4,,0
10005019,'1495418',2230,,2088,1,,,0,28,,2088,24,4,,0
10005019,'1495736',700,,2089,1,,,0,28,,2089,24,4,,0
10005019,'1495737',730,,2090,1,,,0,28,,2090,24,4,,0
10005019,'1495738',800,,2091,1,,,0,28,,2091,24,4,,0
10005019,'1495739',830,,2092,1,,,0,28,,2092,24,4,,0
10005019,'1495740',900,,2093,1,,,0,28,,2093,24,4,,0
10005019,'1495741',930,,2094,1,,,0,28,,2094,24,4,,0
10005019,'1495742',1000,,2095,1,,,0,28,,2095,24,4,,0
10005019,'1495743',1030,,2096,1,,,0,28,,2096,24,4,,0
10005019,'1495744',1100,,2097,1,,,0,28,,2097,24,4,,0
10005019,'1495745',1130,,2098,1,,,0,28,,2098,24,4,,0
10005019,'1495746',1200,,2099,1,,,0,28,,2099,24,4,,0
10005019,'1495747',1230,,2100,1,,,0,28,,2100,24,4,,0
10005019,'1495748',1300,,2101,1,,,0,28,,2101,24,4,,0
10005019,'1495749',1330,,2102,1,,,0,28,,2102,24,4,,0
10005019,'1495750',1400,,2103,1,,,0,28,,2103,24,4,,0
10005019,'1495751',1430,,2104,1,,,0,28,,2104,24,4,,0
10005019,'1495752',1500,,2105,1,,,0,28,,2105,24,4,,0
10005019,'1495753',1530,,2106,1,,,0,28,,2106,24,4,,0
10005019,'1495754',1600,,2107,1,,,0,28,,2107,24,4,,0
10005019,'1495755',1630,,2108,1,,,0,28,,2108,24,4,,0
10005019,'1495756',1700,,2109,1,,,0,28,,2109,24,4,,0
10005019,'1495757',1730,,2110,1,,,0,28,,2110,24,4,,0
10005019,'1495758',1800,,2111,1,,,0,28,,2111,24,4,,0
10005019,'1495759',1830,,2112,1,,,0,28,,2112,24,4,,0
10005019,'1495761',1930,,2113,1,,,0,28,,2113,24,4,,0
10005019,'1495763',2030,,2114,1,,,0,28,,2114,24,4,,0
10005019,'1495765',2130,,2115,1,,,0,28,,2115,24,4,,0
10005019,'1495767',2230,,2116,1,,,0,28,,2116,24,4,,0
10005019,'1495769',530,,2117,1,,,0,28,,2117,24,4,,0
10005019,'1495771',630,,2118,1,,,0,28,,2118,24,4,,0
30005019,'1495118',700,,2168,1,,,0,28,,2168,27,4,,0
30005019,'1495120',800,,2169,1,,,0,28,,2169,27,4,,0
30005019,'1495122',900,,2170,1,,,0,28,,2170,27,4,,0
30005019,'1495124',1000,,2171,1,,,0,28,,2171,27,4,,0
30005019,'1495126',1100,,2172,1,,,0,28,,2172,27,4,,0
30005019,'1495128',1200,,2173,1,,,0,28,,2173,27,4,,0
30005019,'1495130',1300,,2174,1,,,0,28,,2174,27,4,,0
30005019,'1495132',1400,,2175,1,,,0,28,,2175,27,4,,0
30005019,'1495134',1500,,2176,1,,,0,28,,2176,27,4,,0
30005019,'1495136',1600,,2177,1,,,0,28,,2177,27,4,,0
30005019,'1495138',1700,,2178,1,,,0,28,,2178,27,4,,0
30005019,'1495140',1800,,2179,1,,,0,28,,2179,27,4,,0
30005019,'1495142',1900,,2180,1,,,0,28,,2180,27,4,,0
30005019,'1495144',2000,,2181,1,,,0,28,,2181,27,4,,0
30005019,'1495146',2100,,2182,1,,,0,28,,2182,27,4,,0
30005019,'1495385',600,,2183,1,,,0,28,,2183,27,4,,0
30005019,'1495387',700,,2184,1,,,0,28,,2184,27,4,,0
30005019,'1495389',800,,2185,1,,,0,28,,2185,27,4,,0
30005019,'1495391',900,,2186,1,,,0,28,,2186,27,4,,0
30005019,'1495393',1000,,2187,1,,,0,28,,2187,27,4,,0
30005019,'1495395',1100,,2188,1,,,0,28,,2188,27,4,,0
30005019,'1495397',1200,,2189,1,,,0,28,,2189,27,4,,0
30005019,'1495399',1300,,2190,1,,,0,28,,2190,27,4,,0
30005019,'1495401',1400,,2191,1,,,0,28,,2191,27,4,,0
30005019,'1495403',1500,,2192,1,,,0,28,,2192,27,4,,0
30005019,'1495405',1600,,2193,1,,,0,28,,2193,27,4,,0
30005019,'1495407',1700,,2194,1,,,0,28,,2194,27,4,,0
30005019,'1495409',1800,,2195,1,,,0,28,,2195,27,4,,0
30005019,'1495411',1900,,2196,1,,,0,28,,2196,27,4,,0
30005019,'1495413',2000,,2197,1,,,0,28,,2197,27,4,,0
30005019,'1495415',2100,,2198,1,,,0,28,,2198,27,4,,0
30005019,'1495417',2200,,2199,1,,,0,28,,2199,27,4,,0
30005019,'1495760',1900,,2200,1,,,0,28,,2200,27,4,,0
30005019,'1495762',2000,,2201,1,,,0,28,,2201,27,4,,0
30005019,'1495764',2100,,2202,1,,,0,28,,2202,27,4,,0
30005019,'1495766',2200,,2203,1,,,0,28,,2203,27,4,,0
30005019,'1495768',500,,2204,1,,,0,28,,2204,27,4,,0
30005019,'1495770',600,,2205,1,,,0,28,,2205,27,4,,0
30005019,'1495772',700,,2206,1,,,0,28,,2206,27,4,,0
30005019,'1495773',730,,2207,1,,,0,28,,2207,27,4,,0
30005019,'1495774',800,,2208,1,,,0,28,,2208,27,4,,0
30005019,'1495775',830,,2209,1,,,0,28,,2209,27,4,,0
30005019,'1495776',900,,2210,1,,,0,28,,2210,27,4,,0
30005019,'1495777',930,,2211,1,,,0,28,,2211,27,4,,0
30005019,'1495778',1000,,2212,1,,,0,28,,2212,27,4,,0
30005019,'1495779',1030,,2213,1,,,0,28,,2213,27,4,,0
30005019,'1495780',1100,,2214,1,,,0,28,,2214,27,4,,0
30005019,'1495781',1130,,2215,1,,,0,28,,2215,27,4,,0
30005019,'1495782',1200,,2216,1,,,0,28,,2216,27,4,,0
30005019,'1495783',1230,,2217,1,,,0,28,,2217,27,4,,0
30005019,'1495784',1300,,2218,1,,,0,28,,2218,27,4,,0
30005019,'1495785',1330,,2219,1,,,0,28,,2219,27,4,,0
30005019,'1495786',1400,,2220,1,,,0,28,,2220,27,4,,0
30005019,'1495787',1430,,2221,1,,,0,28,,2221,27,4,,0
30005019,'1495788',1500,,2222,1,,,0,28,,2222,27,4,,0
30005019,'1495789',1530,,2223,1,,,0,28,,2223,27,4,,0
30005019,'1495790',1600,,2224,1,,,0,28,,2224,27,4,,0
30005019,'1495791',1630,,2225,1,,,0,28,,2225,27,4,,0
30005019,'1495792',1700,,2226,1,,,0,28,,2226,27,4,,0
30005019,'1495793',1730,,2227,1,,,0,28,,2227,27,4,,0
30005019,'1495794',1800,,2228,1,,,0,28,,2228,27,4,,0
30005019,'1495795',1830,,2229,1,,,0,28,,2229,27,4,,0
