6019,'1495151',906,,1704,5,,,0
6019,'1495153',1006,,1705,5,,,0
6019,'1495155',1106,,1706,5,,,0
6019,'1495157',1206,,1707,5,,,0
6019,'1495159',1306,,1708,5,,,0
6019,'1495161',1406,,1709,5,,,0
6019,'1495171',2036,,1710,5,,,0
6019,'1495173',2136,,1711,5,,,0
6019,'1495422',806,,1712,5,,,0
6019,'1495424',906,,1713,5,,,0
6019,'1495426',1006,,1714,5,,,0
6019,'1495428',1106,,1715,5,,,0
6019,'1495430',1206,,1716,5,,,0
6019,'1495432',1306,,1717,5,,,0
6019,'1495444',2036,,1718,5,,,0
6019,'1495446',2136,,1719,5,,,0
6019,'1495448',2236,,1720,5,,,0
6019,'1495803',936,,1721,5,,,0
6019,'1495805',1036,,1722,5,,,0
6019,'1495807',1136,,1723,5,,,0
6019,'1495809',1236,,1724,5,,,0
6019,'1495811',1336,,1725,5,,,0
6019,'1495813',1436,,1726,5,,,0
6019,'1495823',2106,,1727,5,,,0
6019,'1495825',2206,,1728,5,,,0
6019,'1495827',2306,,1729,5,,,0
6019,'1495834',906,,1730,5,,,0
6019,'1495836',1006,,1731,5,,,0
6019,'1495838',1106,,1732,5,,,0
6019,'1495840',1206,,1733,5,,,0
6019,'1495842',1306,,1734,5,,,0
6019,'1495844',1406,,1735,5,,,0
6029,'1495149',746,,1737,5,0,5,0
6029,'1495163',1506,,1745,5,0,5,0
6029,'1495165',1626,,1747,5,0,5,0
6029,'1495167',1746,,1749,5,0,5,0
6029,'1495169',1906,,1751,5,0,5,0
6029,'1495420',646,,1755,5,0,5,0
6029,'1495434',1406,,1763,5,0,5,0
6029,'1495436',1526,,1765,5,0,5,0
6029,'1495438',1646,,1767,5,0,5,0
6029,'1495440',1806,,1769,5,0,5,0
6029,'1495442',1926,,1771,5,0,5,0
6029,'1495797',546,,1776,5,0,5,0
6029,'1495799',706,,1778,5,0,5,0
6029,'1495801',826,,1780,5,0,5,0
6029,'1495815',1546,,1788,5,0,5,0
6029,'1495817',1706,,1790,5,0,5,0
6029,'1495819',1826,,1792,5,0,5,0
6029,'1495821',1946,,1794,5,0,5,0
6029,'1495828',506,,1798,5,0,5,0
6029,'1495830',626,,1800,5,0,5,0
6029,'1495832',746,,1802,5,0,5,0
6029,'1495846',1506,,1810,5,0,5,0
6029,'1495848',1626,,1812,5,0,5,0
6029,'1495850',1746,,1814,5,0,5,0
140000019,'1495223',2235,,2230,5,,,0
140000019,'1495507',2335,,2231,5,,,0
140000019,'1495910',2335,,2232,5,,,0
