6029,'1495148',720,,1736,21,,,0
6029,'1495149',803,,1737,21,0,5,0
6029,'1495150',840,,1738,21,,,0
6029,'1495163',1523,,1745,21,0,5,0
6029,'1495164',1600,,1746,21,,,0
6029,'1495165',1643,,1747,21,0,5,0
6029,'1495166',1720,,1748,21,,,0
6029,'1495167',1803,,1749,21,0,5,0
6029,'1495168',1840,,1750,21,,,0
6029,'1495169',1923,,1751,21,0,5,0
6029,'1495170',2000,,1752,21,,,0
6029,'1495419',620,,1754,21,,,0
6029,'1495420',703,,1755,21,0,5,0
6029,'1495421',740,,1756,21,,,0
6029,'1495434',1423,,1763,21,0,5,0
6029,'1495435',1500,,1764,21,,,0
6029,'1495436',1543,,1765,21,0,5,0
6029,'1495437',1620,,1766,21,,,0
6029,'1495438',1703,,1767,21,0,5,0
6029,'1495439',1740,,1768,21,,,0
6029,'1495440',1823,,1769,21,0,5,0
6029,'1495441',1900,,1770,21,,,0
6029,'1495442',1943,,1771,21,0,5,0
6029,'1495796',520,,1775,21,,,0
6029,'1495797',603,,1776,21,0,5,0
6029,'1495798',640,,1777,21,,,0
6029,'1495799',723,,1778,21,0,5,0
6029,'1495800',800,,1779,21,,,0
6029,'1495801',843,,1780,21,0,5,0
6029,'1495814',1520,,1787,21,,,0
6029,'1495815',1603,,1788,21,0,5,0
6029,'1495816',1640,,1789,21,,,0
6029,'1495817',1723,,1790,21,0,5,0
6029,'1495818',1800,,1791,21,,,0
6029,'1495819',1843,,1792,21,0,5,0
6029,'1495820',1920,,1793,21,,,0
6029,'1495821',2003,,1794,21,0,5,0
6029,'1495828',523,,1798,21,0,5,0
6029,'1495829',600,,1799,21,,,0
6029,'1495830',643,,1800,21,0,5,0
6029,'1495831',720,,1801,21,,,0
6029,'1495832',803,,1802,21,0,5,0
6029,'1495833',840,,1803,21,,,0
6029,'1495846',1523,,1810,21,0,5,0
6029,'1495847',1600,,1811,21,,,0
6029,'1495848',1643,,1812,21,0,5,0
6029,'1495849',1720,,1813,21,,,0
6029,'1495850',1803,,1814,21,0,5,0
