8019,'1495087',821,,1960,15,,,0
8019,'1495090',941,,1961,15,,,0
8019,'1495093',1101,,1962,15,,,0
8019,'1495096',1221,,1963,15,,,0
8019,'1495099',1341,,1964,15,,,0
8019,'1495102',1501,,1965,15,,,0
8019,'1495105',1621,,1966,15,,,0
8019,'1495108',1741,,1967,15,,,0
8019,'1495111',1901,,1968,15,,,0
8019,'1495114',2021,,1969,15,,,0
8019,'1495117',2141,,1970,15,,,0
8019,'1495190',1141,,1971,15,,,0
8019,'1495347',701,,1972,15,,,0
8019,'1495350',821,,1973,15,,,0
8019,'1495353',941,,1974,15,,,0
8019,'1495356',1101,,1975,15,,,0
8019,'1495359',1221,,1976,15,,,0
8019,'1495362',1341,,1977,15,,,0
8019,'1495365',1501,,1978,15,,,0
8019,'1495368',1621,,1979,15,,,0
8019,'1495371',1741,,1980,15,,,0
8019,'1495374',1901,,1981,15,,,0
8019,'1495377',2021,,1982,15,,,0
8019,'1495380',2141,,1983,15,,,0
8019,'1495733',2201,,1984,15,,,0
8019,'1495911',641,,1985,15,,,0
8019,'1495912',721,,1986,15,,,0
8019,'1495913',801,,1987,15,,,0
8019,'1495914',841,,1988,15,,,0
8019,'1495915',921,,1989,15,,,0
8019,'1495916',1001,,1990,15,,,0
8019,'1495917',1041,,1991,15,,,0
8019,'1495918',1121,,1992,15,,,0
8019,'1495919',1201,,1993,15,,,0
8019,'1495920',1241,,1994,15,,,0
8019,'1495921',1321,,1995,15,,,0
8019,'1495922',1401,,1996,15,,,0
8019,'1495923',1441,,1997,15,,,0
8019,'1495924',1521,,1998,15,,,0
8019,'1495925',1601,,1999,15,,,0
8019,'1495926',1641,,2000,15,,,0
8019,'1495927',1721,,2001,15,,,0
8019,'1495928',1801,,2002,15,,,0
8019,'1495929',1841,,2003,15,,,0
8019,'1495930',1921,,2004,15,,,0
8019,'1495931',2001,,2005,15,,,0
8019,'1495932',2041,,2006,15,,,0
