8019,'1495087',819,,1960,14,,,0
8019,'1495090',939,,1961,14,,,0
8019,'1495093',1059,,1962,14,,,0
8019,'1495096',1219,,1963,14,,,0
8019,'1495099',1339,,1964,14,,,0
8019,'1495102',1459,,1965,14,,,0
8019,'1495105',1619,,1966,14,,,0
8019,'1495108',1739,,1967,14,,,0
8019,'1495111',1859,,1968,14,,,0
8019,'1495114',2019,,1969,14,,,0
8019,'1495117',2139,,1970,14,,,0
8019,'1495190',1139,,1971,14,,,0
8019,'1495347',659,,1972,14,,,0
8019,'1495350',819,,1973,14,,,0
8019,'1495353',939,,1974,14,,,0
8019,'1495356',1059,,1975,14,,,0
8019,'1495359',1219,,1976,14,,,0
8019,'1495362',1339,,1977,14,,,0
8019,'1495365',1459,,1978,14,,,0
8019,'1495368',1619,,1979,14,,,0
8019,'1495371',1739,,1980,14,,,0
8019,'1495374',1859,,1981,14,,,0
8019,'1495377',2019,,1982,14,,,0
8019,'1495380',2139,,1983,14,,,0
8019,'1495733',2159,,1984,14,,,0
8019,'1495911',639,,1985,14,,,0
8019,'1495912',719,,1986,14,,,0
8019,'1495913',759,,1987,14,,,0
8019,'1495914',839,,1988,14,,,0
8019,'1495915',919,,1989,14,,,0
8019,'1495916',959,,1990,14,,,0
8019,'1495917',1039,,1991,14,,,0
8019,'1495918',1119,,1992,14,,,0
8019,'1495919',1159,,1993,14,,,0
8019,'1495920',1239,,1994,14,,,0
8019,'1495921',1319,,1995,14,,,0
8019,'1495922',1359,,1996,14,,,0
8019,'1495923',1439,,1997,14,,,0
8019,'1495924',1519,,1998,14,,,0
8019,'1495925',1559,,1999,14,,,0
8019,'1495926',1639,,2000,14,,,0
8019,'1495927',1719,,2001,14,,,0
8019,'1495928',1759,,2002,14,,,0
8019,'1495929',1839,,2003,14,,,0
8019,'1495930',1919,,2004,14,,,0
8019,'1495931',1959,,2005,14,,,0
8019,'1495932',2039,,2006,14,,,0
