6029,'1495148',703,,1736,5,,,0
6029,'1495150',823,,1738,5,,,0
6029,'1495152',933,,1739,5,,,0
6029,'1495154',1033,,1740,5,,,0
6029,'1495156',1133,,1741,5,,,0
6029,'1495158',1233,,1742,5,,,0
6029,'1495160',1333,,1743,5,,,0
6029,'1495162',1433,,1744,5,,,0
6029,'1495164',1543,,1746,5,,,0
6029,'1495166',1703,,1748,5,,,0
6029,'1495168',1823,,1750,5,,,0
6029,'1495170',1943,,1752,5,,,0
6029,'1495172',2103,,1753,5,,,0
6029,'1495419',603,,1754,5,,,0
6029,'1495421',723,,1756,5,,,0
6029,'1495423',833,,1757,5,,,0
6029,'1495425',933,,1758,5,,,0
6029,'1495427',1033,,1759,5,,,0
6029,'1495429',1133,,1760,5,,,0
6029,'1495431',1233,,1761,5,,,0
6029,'1495433',1333,,1762,5,,,0
6029,'1495435',1443,,1764,5,,,0
6029,'1495437',1603,,1766,5,,,0
6029,'1495439',1723,,1768,5,,,0
6029,'1495441',1843,,1770,5,,,0
6029,'1495443',2003,,1772,5,,,0
6029,'1495445',2103,,1773,5,,,0
6029,'1495447',2203,,1774,5,,,0
6029,'1495796',503,,1775,5,,,0
6029,'1495798',623,,1777,5,,,0
6029,'1495800',743,,1779,5,,,0
6029,'1495802',903,,1781,5,,,0
6029,'1495804',1003,,1782,5,,,0
6029,'1495806',1103,,1783,5,,,0
6029,'1495808',1203,,1784,5,,,0
6029,'1495810',1303,,1785,5,,,0
6029,'1495812',1403,,1786,5,,,0
6029,'1495814',1503,,1787,5,,,0
6029,'1495816',1623,,1789,5,,,0
6029,'1495818',1743,,1791,5,,,0
6029,'1495820',1903,,1793,5,,,0
6029,'1495822',2033,,1795,5,,,0
6029,'1495824',2133,,1796,5,,,0
6029,'1495826',2233,,1797,5,,,0
6029,'1495829',543,,1799,5,,,0
6029,'1495831',703,,1801,5,,,0
6029,'1495833',823,,1803,5,,,0
6029,'1495835',933,,1804,5,,,0
6029,'1495837',1033,,1805,5,,,0
6029,'1495839',1133,,1806,5,,,0
6029,'1495841',1233,,1807,5,,,0
6029,'1495843',1333,,1808,5,,,0
6029,'1495845',1433,,1809,5,,,0
6029,'1495847',1543,,1811,5,,,0
6029,'1495849',1703,,1813,5,,,0
