6029,'1495148',733,,1736,33,,,0
6029,'1495150',853,,1738,33,,,0
6029,'1495152',954,,1739,26,,,0
6029,'1495154',1054,,1740,26,,,0
6029,'1495156',1154,,1741,26,,,0
6029,'1495158',1254,,1742,26,,,0
6029,'1495160',1354,,1743,26,,,0
6029,'1495162',1454,,1744,26,,,0
6029,'1495164',1613,,1746,33,,,0
6029,'1495166',1733,,1748,33,,,0
6029,'1495168',1853,,1750,33,,,0
6029,'1495170',2013,,1752,33,,,0
6029,'1495172',2124,,1753,26,,,0
6029,'1495419',633,,1754,33,,,0
6029,'1495421',753,,1756,33,,,0
6029,'1495423',854,,1757,26,,,0
6029,'1495425',954,,1758,26,,,0
6029,'1495427',1054,,1759,26,,,0
6029,'1495429',1154,,1760,26,,,0
6029,'1495431',1254,,1761,26,,,0
6029,'1495433',1354,,1762,26,,,0
6029,'1495435',1513,,1764,33,,,0
6029,'1495437',1633,,1766,33,,,0
6029,'1495439',1753,,1768,33,,,0
6029,'1495441',1913,,1770,33,,,0
6029,'1495443',2024,,1772,26,,,0
6029,'1495445',2124,,1773,26,,,0
6029,'1495447',2224,,1774,26,,,0
6029,'1495796',533,,1775,33,,,0
6029,'1495798',653,,1777,33,,,0
6029,'1495800',813,,1779,33,,,0
6029,'1495802',924,,1781,26,,,0
6029,'1495804',1024,,1782,26,,,0
6029,'1495806',1124,,1783,26,,,0
6029,'1495808',1224,,1784,26,,,0
6029,'1495810',1324,,1785,26,,,0
6029,'1495812',1424,,1786,26,,,0
6029,'1495814',1533,,1787,33,,,0
6029,'1495816',1653,,1789,33,,,0
6029,'1495818',1813,,1791,33,,,0
6029,'1495820',1933,,1793,33,,,0
6029,'1495822',2054,,1795,26,,,0
6029,'1495824',2154,,1796,26,,,0
6029,'1495826',2254,,1797,26,,,0
6029,'1495829',613,,1799,33,,,0
6029,'1495831',733,,1801,33,,,0
6029,'1495833',853,,1803,33,,,0
6029,'1495835',954,,1804,26,,,0
6029,'1495837',1054,,1805,26,,,0
6029,'1495839',1154,,1806,26,,,0
6029,'1495841',1254,,1807,26,,,0
6029,'1495843',1354,,1808,26,,,0
6029,'1495845',1454,,1809,26,,,0
6029,'1495847',1613,,1811,33,,,0
6029,'1495849',1733,,1813,33,,,0
7029,'1495174',708,,1886,8,,,0
7029,'1495178',808,,1887,8,,,0
7029,'1495182',908,,1888,8,,,0
7029,'1495186',1011,,1889,8,,,0
7029,'1495188',1051,,1890,8,,,0
7029,'1495191',1211,,1891,8,,,0
7029,'1495193',1251,,1892,8,,,0
7029,'1495195',1331,,1893,8,,,0
7029,'1495197',1411,,1894,8,,,0
7029,'1495199',1451,,1895,8,,,0
7029,'1495201',1531,,1896,8,,,0
7029,'1495203',1611,,1897,8,,,0
7029,'1495205',1651,,1898,8,,,0
7029,'1495207',1731,,1899,8,,,0
7029,'1495209',1808,,1900,8,,,0
7029,'1495211',1838,,1901,8,,,0
7029,'1495214',1938,,1902,8,,,0
7029,'1495217',2038,,1903,8,,,0
7029,'1495220',2138,,1904,8,,,0
7029,'1495222',2208,,1905,8,,,0
7029,'1495449',638,,1906,8,,,0
7029,'1495452',738,,1907,8,,,0
7029,'1495456',838,,1908,8,,,0
7029,'1495458',908,,1909,8,,,0
7029,'1495460',938,,1910,8,,,0
7029,'1495462',1011,,1911,8,,,0
7029,'1495464',1051,,1912,8,,,0
7029,'1495466',1131,,1913,8,,,0
7029,'1495468',1211,,1914,8,,,0
7029,'1495470',1251,,1915,8,,,0
7029,'1495472',1331,,1916,8,,,0
7029,'1495474',1411,,1917,8,,,0
7029,'1495476',1451,,1918,8,,,0
7029,'1495478',1531,,1919,8,,,0
7029,'1495480',1611,,1920,8,,,0
7029,'1495482',1651,,1921,8,,,0
7029,'1495484',1731,,1922,8,,,0
7029,'1495486',1808,,1923,8,,,0
7029,'1495488',1838,,1924,8,,,0
7029,'1495492',1938,,1925,8,,,0
7029,'1495496',2038,,1926,8,,,0
7029,'1495500',2138,,1927,8,,,0
7029,'1495504',2238,,1928,8,,,0
7029,'1495506',2308,,1929,8,,,0
7029,'1495851',608,,1930,8,,,0
7029,'1495853',638,,1931,8,,,0
7029,'1495855',708,,1932,8,,,0
7029,'1495857',738,,1933,8,,,0
7029,'1495859',808,,1934,8,,,0
7029,'1495861',838,,1935,8,,,0
7029,'1495863',911,,1936,8,,,0
7029,'1495865',951,,1937,8,,,0
7029,'1495867',1031,,1938,8,,,0
7029,'1495869',1111,,1939,8,,,0
7029,'1495871',1151,,1940,8,,,0
7029,'1495873',1231,,1941,8,,,0
7029,'1495875',1311,,1942,8,,,0
7029,'1495877',1351,,1943,8,,,0
7029,'1495879',1431,,1944,8,,,0
7029,'1495881',1511,,1945,8,,,0
7029,'1495883',1551,,1946,8,,,0
7029,'1495885',1631,,1947,8,,,0
7029,'1495887',1711,,1948,8,,,0
7029,'1495889',1751,,1949,8,,,0
7029,'1495891',1831,,1950,8,,,0
7029,'1495893',1908,,1951,8,,,0
7029,'1495895',1938,,1952,8,,,0
7029,'1495897',2008,,1953,8,,,0
7029,'1495899',2038,,1954,8,,,0
7029,'1495901',2108,,1955,8,,,0
7029,'1495903',2138,,1956,8,,,0
7029,'1495905',2208,,1957,8,,,0
7029,'1495907',2238,,1958,8,,,0
7029,'1495909',2308,,1959,8,,,0
