8019,'1495087',827,,1960,20,,,0
8019,'1495090',947,,1961,20,,,0
8019,'1495093',1107,,1962,20,,,0
8019,'1495096',1227,,1963,20,,,0
8019,'1495099',1347,,1964,20,,,0
8019,'1495102',1507,,1965,20,,,0
8019,'1495105',1627,,1966,20,,,0
8019,'1495108',1747,,1967,20,,,0
8019,'1495111',1907,,1968,20,,,0
8019,'1495114',2027,,1969,20,,,0
8019,'1495117',2147,,1970,20,,,0
8019,'1495190',1147,,1971,20,,,0
8019,'1495347',707,,1972,20,,,0
8019,'1495350',827,,1973,20,,,0
8019,'1495353',947,,1974,20,,,0
8019,'1495356',1107,,1975,20,,,0
8019,'1495359',1227,,1976,20,,,0
8019,'1495362',1347,,1977,20,,,0
8019,'1495365',1507,,1978,20,,,0
8019,'1495368',1627,,1979,20,,,0
8019,'1495371',1747,,1980,20,,,0
8019,'1495374',1907,,1981,20,,,0
8019,'1495377',2027,,1982,20,,,0
8019,'1495380',2147,,1983,20,,,0
8019,'1495733',2207,,1984,20,,,0
8019,'1495911',647,,1985,20,,,0
8019,'1495912',727,,1986,20,,,0
8019,'1495913',807,,1987,20,,,0
8019,'1495914',847,,1988,20,,,0
8019,'1495915',927,,1989,20,,,0
8019,'1495916',1007,,1990,20,,,0
8019,'1495917',1047,,1991,20,,,0
8019,'1495918',1127,,1992,20,,,0
8019,'1495919',1207,,1993,20,,,0
8019,'1495920',1247,,1994,20,,,0
8019,'1495921',1327,,1995,20,,,0
8019,'1495922',1407,,1996,20,,,0
8019,'1495923',1447,,1997,20,,,0
8019,'1495924',1527,,1998,20,,,0
8019,'1495925',1607,,1999,20,,,0
8019,'1495926',1647,,2000,20,,,0
8019,'1495927',1727,,2001,20,,,0
8019,'1495928',1807,,2002,20,,,0
8019,'1495929',1847,,2003,20,,,0
8019,'1495930',1927,,2004,20,,,0
8019,'1495931',2007,,2005,20,,,0
8019,'1495932',2047,,2006,20,,,0
