6019,'1495151',913,,1704,12,,,0
6019,'1495153',1013,,1705,12,,,0
6019,'1495155',1113,,1706,12,,,0
6019,'1495157',1213,,1707,12,,,0
6019,'1495159',1313,,1708,12,,,0
6019,'1495161',1413,,1709,12,,,0
6019,'1495171',2043,,1710,12,,,0
6019,'1495173',2143,,1711,12,,,0
6019,'1495422',813,,1712,12,,,0
6019,'1495424',913,,1713,12,,,0
6019,'1495426',1013,,1714,12,,,0
6019,'1495428',1113,,1715,12,,,0
6019,'1495430',1213,,1716,12,,,0
6019,'1495432',1313,,1717,12,,,0
6019,'1495444',2043,,1718,12,,,0
6019,'1495446',2143,,1719,12,,,0
6019,'1495448',2243,,1720,12,,,0
6019,'1495803',943,,1721,12,,,0
6019,'1495805',1043,,1722,12,,,0
6019,'1495807',1143,,1723,12,,,0
6019,'1495809',1243,,1724,12,,,0
6019,'1495811',1343,,1725,12,,,0
6019,'1495813',1443,,1726,12,,,0
6019,'1495823',2113,,1727,12,,,0
6019,'1495825',2213,,1728,12,,,0
6019,'1495827',2313,,1729,12,,,0
6019,'1495834',913,,1730,12,,,0
6019,'1495836',1013,,1731,12,,,0
6019,'1495838',1113,,1732,12,,,0
6019,'1495840',1213,,1733,12,,,0
6019,'1495842',1313,,1734,12,,,0
6019,'1495844',1413,,1735,12,,,0
6029,'1495149',754,,1737,12,0,5,0
6029,'1495163',1514,,1745,12,0,5,0
6029,'1495165',1634,,1747,12,0,5,0
6029,'1495167',1754,,1749,12,0,5,0
6029,'1495169',1914,,1751,12,0,5,0
6029,'1495420',654,,1755,12,0,5,0
6029,'1495434',1414,,1763,12,0,5,0
6029,'1495436',1534,,1765,12,0,5,0
6029,'1495438',1654,,1767,12,0,5,0
6029,'1495440',1814,,1769,12,0,5,0
6029,'1495442',1934,,1771,12,0,5,0
6029,'1495797',554,,1776,12,0,5,0
6029,'1495799',714,,1778,12,0,5,0
6029,'1495801',834,,1780,12,0,5,0
6029,'1495815',1554,,1788,12,0,5,0
6029,'1495817',1714,,1790,12,0,5,0
6029,'1495819',1834,,1792,12,0,5,0
6029,'1495821',1954,,1794,12,0,5,0
6029,'1495828',514,,1798,12,0,5,0
6029,'1495830',634,,1800,12,0,5,0
6029,'1495832',754,,1802,12,0,5,0
6029,'1495846',1514,,1810,12,0,5,0
6029,'1495848',1634,,1812,12,0,5,0
6029,'1495850',1754,,1814,12,0,5,0
140000019,'1495223',2240,,2230,12,,,0
140000019,'1495507',2340,,2231,12,,,0
140000019,'1495910',2340,,2232,12,,,0
