6029,'1495148',711,,1736,13,,,0
6029,'1495150',831,,1738,13,,,0
6029,'1495152',941,,1739,13,,,0
6029,'1495154',1041,,1740,13,,,0
6029,'1495156',1141,,1741,13,,,0
6029,'1495158',1241,,1742,13,,,0
6029,'1495160',1341,,1743,13,,,0
6029,'1495162',1441,,1744,13,,,0
6029,'1495164',1551,,1746,13,,,0
6029,'1495166',1711,,1748,13,,,0
6029,'1495168',1831,,1750,13,,,0
6029,'1495170',1951,,1752,13,,,0
6029,'1495172',2111,,1753,13,,,0
6029,'1495419',611,,1754,13,,,0
6029,'1495421',731,,1756,13,,,0
6029,'1495423',841,,1757,13,,,0
6029,'1495425',941,,1758,13,,,0
6029,'1495427',1041,,1759,13,,,0
6029,'1495429',1141,,1760,13,,,0
6029,'1495431',1241,,1761,13,,,0
6029,'1495433',1341,,1762,13,,,0
6029,'1495435',1451,,1764,13,,,0
6029,'1495437',1611,,1766,13,,,0
6029,'1495439',1731,,1768,13,,,0
6029,'1495441',1851,,1770,13,,,0
6029,'1495443',2011,,1772,13,,,0
6029,'1495445',2111,,1773,13,,,0
6029,'1495447',2211,,1774,13,,,0
6029,'1495796',511,,1775,13,,,0
6029,'1495798',631,,1777,13,,,0
6029,'1495800',751,,1779,13,,,0
6029,'1495802',911,,1781,13,,,0
6029,'1495804',1011,,1782,13,,,0
6029,'1495806',1111,,1783,13,,,0
6029,'1495808',1211,,1784,13,,,0
6029,'1495810',1311,,1785,13,,,0
6029,'1495812',1411,,1786,13,,,0
6029,'1495814',1511,,1787,13,,,0
6029,'1495816',1631,,1789,13,,,0
6029,'1495818',1751,,1791,13,,,0
6029,'1495820',1911,,1793,13,,,0
6029,'1495822',2041,,1795,13,,,0
6029,'1495824',2141,,1796,13,,,0
6029,'1495826',2241,,1797,13,,,0
6029,'1495829',551,,1799,13,,,0
6029,'1495831',711,,1801,13,,,0
6029,'1495833',831,,1803,13,,,0
6029,'1495835',941,,1804,13,,,0
6029,'1495837',1041,,1805,13,,,0
6029,'1495839',1141,,1806,13,,,0
6029,'1495841',1241,,1807,13,,,0
6029,'1495843',1341,,1808,13,,,0
6029,'1495845',1441,,1809,13,,,0
6029,'1495847',1551,,1811,13,,,0
6029,'1495849',1711,,1813,13,,,0
