10005019,'1495119',732,,2057,2,,,0
10005019,'1495121',832,,2058,2,,,0
10005019,'1495123',932,,2059,2,,,0
10005019,'1495125',1032,,2060,2,,,0
10005019,'1495127',1132,,2061,2,,,0
10005019,'1495129',1232,,2062,2,,,0
10005019,'1495131',1332,,2063,2,,,0
10005019,'1495133',1432,,2064,2,,,0
10005019,'1495135',1532,,2065,2,,,0
10005019,'1495137',1632,,2066,2,,,0
10005019,'1495139',1732,,2067,2,,,0
10005019,'1495141',1832,,2068,2,,,0
10005019,'1495143',1932,,2069,2,,,0
10005019,'1495145',2032,,2070,2,,,0
10005019,'1495147',2132,,2071,2,,,0
10005019,'1495386',632,,2072,2,,,0
10005019,'1495388',732,,2073,2,,,0
10005019,'1495390',832,,2074,2,,,0
10005019,'1495392',932,,2075,2,,,0
10005019,'1495394',1032,,2076,2,,,0
10005019,'1495396',1132,,2077,2,,,0
10005019,'1495398',1232,,2078,2,,,0
10005019,'1495400',1332,,2079,2,,,0
10005019,'1495402',1432,,2080,2,,,0
10005019,'1495404',1532,,2081,2,,,0
10005019,'1495406',1632,,2082,2,,,0
10005019,'1495408',1732,,2083,2,,,0
10005019,'1495410',1832,,2084,2,,,0
10005019,'1495412',1932,,2085,2,,,0
10005019,'1495414',2032,,2086,2,,,0
10005019,'1495416',2132,,2087,2,,,0
10005019,'1495418',2232,,2088,2,,,0
10005019,'1495736',702,,2089,2,,,0
10005019,'1495737',732,,2090,2,,,0
10005019,'1495738',802,,2091,2,,,0
10005019,'1495739',832,,2092,2,,,0
10005019,'1495740',902,,2093,2,,,0
10005019,'1495741',932,,2094,2,,,0
10005019,'1495742',1002,,2095,2,,,0
10005019,'1495743',1032,,2096,2,,,0
10005019,'1495744',1102,,2097,2,,,0
10005019,'1495745',1132,,2098,2,,,0
10005019,'1495746',1202,,2099,2,,,0
10005019,'1495747',1232,,2100,2,,,0
10005019,'1495748',1302,,2101,2,,,0
10005019,'1495749',1332,,2102,2,,,0
10005019,'1495750',1402,,2103,2,,,0
10005019,'1495751',1432,,2104,2,,,0
10005019,'1495752',1502,,2105,2,,,0
10005019,'1495753',1532,,2106,2,,,0
10005019,'1495754',1602,,2107,2,,,0
10005019,'1495755',1632,,2108,2,,,0
10005019,'1495756',1702,,2109,2,,,0
10005019,'1495757',1732,,2110,2,,,0
10005019,'1495758',1802,,2111,2,,,0
10005019,'1495759',1832,,2112,2,,,0
10005019,'1495761',1932,,2113,2,,,0
10005019,'1495763',2032,,2114,2,,,0
10005019,'1495765',2132,,2115,2,,,0
10005019,'1495767',2232,,2116,2,,,0
10005019,'1495769',532,,2117,2,,,0
10005019,'1495771',632,,2118,2,,,0
