2019,'1495006',706,,1426,9,,,0
2019,'1495008',736,,1427,9,,,0
2019,'1495010',806,,1428,9,,,0
2019,'1495012',836,,1429,9,,,0
2019,'1495014',906,,1430,9,,,0
2019,'1495016',936,,1431,9,,,0
2019,'1495018',1006,,1432,9,,,0
2019,'1495020',1036,,1433,9,,,0
2019,'1495022',1109,,1434,9,,,0
2019,'1495024',1149,,1435,9,,,0
2019,'1495026',1229,,1436,9,,,0
2019,'1495028',1309,,1437,9,,,0
2019,'1495030',1349,,1438,9,,,0
2019,'1495032',1429,,1439,9,,,0
2019,'1495034',1509,,1440,9,,,0
2019,'1495036',1549,,1441,9,,,0
2019,'1495038',1629,,1442,9,,,0
2019,'1495040',1706,,1443,9,,,0
2019,'1495042',1736,,1444,9,,,0
2019,'1495044',1806,,1445,9,,,0
2019,'1495048',1906,,1446,9,,,0
2019,'1495052',2006,,1447,9,,,0
2019,'1495056',2106,,1448,9,,,0
2019,'1495060',2206,,1449,9,,,0
2019,'1495226',636,,1450,9,,,0
2019,'1495230',736,,1451,9,,,0
2019,'1495232',806,,1452,9,,,0
2019,'1495234',836,,1453,9,,,0
2019,'1495236',906,,1454,9,,,0
2019,'1495238',936,,1455,9,,,0
2019,'1495240',1006,,1456,9,,,0
2019,'1495242',1036,,1457,9,,,0
2019,'1495244',1109,,1458,9,,,0
2019,'1495246',1149,,1459,9,,,0
2019,'1495248',1229,,1460,9,,,0
2019,'1495250',1309,,1461,9,,,0
2019,'1495252',1349,,1462,9,,,0
2019,'1495254',1429,,1463,9,,,0
2019,'1495256',1509,,1464,9,,,0
2019,'1495258',1549,,1465,9,,,0
2019,'1495260',1629,,1466,9,,,0
2019,'1495262',1709,,1467,9,,,0
2019,'1495264',1749,,1468,9,,,0
2019,'1495266',1829,,1469,9,,,0
2019,'1495268',1906,,1470,9,,,0
2019,'1495270',1936,,1471,9,,,0
2019,'1495272',2006,,1472,9,,,0
2019,'1495274',2036,,1473,9,,,0
2019,'1495276',2106,,1474,9,,,0
2019,'1495278',2136,,1475,9,,,0
2019,'1495280',2206,,1476,9,,,0
2019,'1495282',2236,,1477,9,,,0
2019,'1495566',2236,,1478,9,,,0
2019,'1495570',506,,1479,9,,,0
2019,'1495572',536,,1480,9,,,0
2019,'1495574',606,,1481,9,,,0
2019,'1495576',636,,1482,9,,,0
2019,'1495578',706,,1483,9,,,0
2019,'1495580',736,,1484,9,,,0
2019,'1495582',806,,1485,9,,,0
2019,'1495584',836,,1486,9,,,0
2019,'1495586',906,,1487,9,,,0
2019,'1495588',936,,1488,9,,,0
2019,'1495590',1006,,1489,9,,,0
2019,'1495592',1036,,1490,9,,,0
2019,'1495594',1109,,1491,9,,,0
2019,'1495596',1149,,1492,9,,,0
2019,'1495598',1229,,1493,9,,,0
2019,'1495600',1309,,1494,9,,,0
2019,'1495602',1349,,1495,9,,,0
2019,'1495604',1429,,1496,9,,,0
2019,'1495606',1509,,1497,9,,,0
2019,'1495608',1549,,1498,9,,,0
2019,'1495610',1629,,1499,9,,,0
2019,'1495612',1709,,1500,9,,,0
2019,'1495614',1749,,1501,9,,,0
2019,'1495616',1829,,1502,9,,,0
2019,'1495618',1906,,1503,9,,,0
2019,'1495620',1936,,1504,9,,,0
2019,'1495622',2006,,1505,9,,,0
2019,'1495624',2036,,1506,9,,,0
2019,'1495626',2106,,1507,9,,,0
2019,'1495628',2136,,1508,9,,,0
2019,'1495673',1409,,1509,9,,,0
2019,'1495675',1449,,1510,9,,,0
2019,'1495677',1529,,1511,9,,,0
2019,'1495679',1609,,1512,9,,,0
2019,'1495681',1649,,1513,9,,,0
2019,'1495683',1729,,1514,9,,,0
