4019,'1495085',733,,1604,14,,,0
4019,'1495088',853,,1605,14,,,0
4019,'1495091',1013,,1606,14,,,0
4019,'1495094',1133,,1607,14,,,0
4019,'1495097',1253,,1608,14,,,0
4019,'1495100',1413,,1609,14,,,0
4019,'1495103',1533,,1610,14,,,0
4019,'1495106',1653,,1611,14,,,0
4019,'1495109',1813,,1612,14,,,0
4019,'1495112',1933,,1613,14,,,0
4019,'1495115',2053,,1614,14,,,0
4019,'1495345',613,,1615,14,,,0
4019,'1495348',733,,1616,14,,,0
4019,'1495351',853,,1617,14,,,0
4019,'1495354',1013,,1618,14,,,0
4019,'1495357',1133,,1619,14,,,0
4019,'1495360',1253,,1620,14,,,0
4019,'1495363',1413,,1621,14,,,0
4019,'1495366',1533,,1622,14,,,0
4019,'1495369',1653,,1623,14,,,0
4019,'1495372',1813,,1624,14,,,0
4019,'1495375',1933,,1625,14,,,0
4019,'1495378',2053,,1626,14,,,0
4019,'1495381',2213,,1627,14,,,0
4019,'1495383',2253,,1628,14,,,0
4019,'1495685',553,,1629,14,,,0
4019,'1495687',633,,1630,14,,,0
4019,'1495689',713,,1631,14,,,0
4019,'1495691',753,,1632,14,,,0
4019,'1495693',833,,1633,14,,,0
4019,'1495695',913,,1634,14,,,0
4019,'1495697',953,,1635,14,,,0
4019,'1495699',1033,,1636,14,,,0
4019,'1495701',1113,,1637,14,,,0
4019,'1495703',1153,,1638,14,,,0
4019,'1495705',1233,,1639,14,,,0
4019,'1495707',1313,,1640,14,,,0
4019,'1495709',1353,,1641,14,,,0
4019,'1495711',1433,,1642,14,,,0
4019,'1495713',1513,,1643,14,,,0
4019,'1495715',1553,,1644,14,,,0
4019,'1495717',1633,,1645,14,,,0
4019,'1495719',1713,,1646,14,,,0
4019,'1495721',1753,,1647,14,,,0
4019,'1495723',1833,,1648,14,,,0
4019,'1495725',1913,,1649,14,,,0
4019,'1495727',1953,,1650,14,,,0
4019,'1495729',2033,,1651,14,,,0
4019,'1495731',2113,,1652,14,,,0
4019,'1495734',2233,,1653,14,,,0
140000019,'1495223',2308,,2230,45,,,0
140000019,'1495507',2408,,2231,45,,,0
140000019,'1495910',2408,,2232,45,,,0
