10005019,'1495119',755,,2057,21,,,0
10005019,'1495121',855,,2058,21,,,0
10005019,'1495123',955,,2059,21,,,0
10005019,'1495125',1055,,2060,21,,,0
10005019,'1495127',1155,,2061,21,,,0
10005019,'1495129',1255,,2062,21,,,0
10005019,'1495131',1355,,2063,21,,,0
10005019,'1495133',1455,,2064,21,,,0
10005019,'1495135',1555,,2065,21,,,0
10005019,'1495137',1655,,2066,21,,,0
10005019,'1495139',1755,,2067,21,,,0
10005019,'1495141',1855,,2068,21,,,0
10005019,'1495143',1955,,2069,21,,,0
10005019,'1495145',2055,,2070,21,,,0
10005019,'1495147',2155,,2071,21,,,0
10005019,'1495386',655,,2072,21,,,0
10005019,'1495388',755,,2073,21,,,0
10005019,'1495390',855,,2074,21,,,0
10005019,'1495392',955,,2075,21,,,0
10005019,'1495394',1055,,2076,21,,,0
10005019,'1495396',1155,,2077,21,,,0
10005019,'1495398',1255,,2078,21,,,0
10005019,'1495400',1355,,2079,21,,,0
10005019,'1495402',1455,,2080,21,,,0
10005019,'1495404',1555,,2081,21,,,0
10005019,'1495406',1655,,2082,21,,,0
10005019,'1495408',1755,,2083,21,,,0
10005019,'1495410',1855,,2084,21,,,0
10005019,'1495412',1955,,2085,21,,,0
10005019,'1495414',2055,,2086,21,,,0
10005019,'1495416',2155,,2087,21,,,0
10005019,'1495418',2255,,2088,21,,,0
10005019,'1495736',725,,2089,21,,,0
10005019,'1495737',755,,2090,21,,,0
10005019,'1495738',825,,2091,21,,,0
10005019,'1495739',855,,2092,21,,,0
10005019,'1495740',925,,2093,21,,,0
10005019,'1495741',955,,2094,21,,,0
10005019,'1495742',1025,,2095,21,,,0
10005019,'1495743',1055,,2096,21,,,0
10005019,'1495744',1125,,2097,21,,,0
10005019,'1495745',1155,,2098,21,,,0
10005019,'1495746',1225,,2099,21,,,0
10005019,'1495747',1255,,2100,21,,,0
10005019,'1495748',1325,,2101,21,,,0
10005019,'1495749',1355,,2102,21,,,0
10005019,'1495750',1425,,2103,21,,,0
10005019,'1495751',1455,,2104,21,,,0
10005019,'1495752',1525,,2105,21,,,0
10005019,'1495753',1555,,2106,21,,,0
10005019,'1495754',1625,,2107,21,,,0
10005019,'1495755',1655,,2108,21,,,0
10005019,'1495756',1725,,2109,21,,,0
10005019,'1495757',1755,,2110,21,,,0
10005019,'1495758',1825,,2111,21,,,0
10005019,'1495759',1855,,2112,21,,,0
10005019,'1495761',1955,,2113,21,,,0
10005019,'1495763',2055,,2114,21,,,0
10005019,'1495765',2155,,2115,21,,,0
10005019,'1495767',2255,,2116,21,,,0
10005019,'1495769',555,,2117,21,,,0
10005019,'1495771',655,,2118,21,,,0
