10005019,'1495119',743,,2057,13,,,0
10005019,'1495121',843,,2058,13,,,0
10005019,'1495123',943,,2059,13,,,0
10005019,'1495125',1043,,2060,13,,,0
10005019,'1495127',1143,,2061,13,,,0
10005019,'1495129',1243,,2062,13,,,0
10005019,'1495131',1343,,2063,13,,,0
10005019,'1495133',1443,,2064,13,,,0
10005019,'1495135',1543,,2065,13,,,0
10005019,'1495137',1643,,2066,13,,,0
10005019,'1495139',1743,,2067,13,,,0
10005019,'1495141',1843,,2068,13,,,0
10005019,'1495143',1943,,2069,13,,,0
10005019,'1495145',2043,,2070,13,,,0
10005019,'1495147',2143,,2071,13,,,0
10005019,'1495386',643,,2072,13,,,0
10005019,'1495388',743,,2073,13,,,0
10005019,'1495390',843,,2074,13,,,0
10005019,'1495392',943,,2075,13,,,0
10005019,'1495394',1043,,2076,13,,,0
10005019,'1495396',1143,,2077,13,,,0
10005019,'1495398',1243,,2078,13,,,0
10005019,'1495400',1343,,2079,13,,,0
10005019,'1495402',1443,,2080,13,,,0
10005019,'1495404',1543,,2081,13,,,0
10005019,'1495406',1643,,2082,13,,,0
10005019,'1495408',1743,,2083,13,,,0
10005019,'1495410',1843,,2084,13,,,0
10005019,'1495412',1943,,2085,13,,,0
10005019,'1495414',2043,,2086,13,,,0
10005019,'1495416',2143,,2087,13,,,0
10005019,'1495418',2243,,2088,13,,,0
10005019,'1495736',713,,2089,13,,,0
10005019,'1495737',743,,2090,13,,,0
10005019,'1495738',813,,2091,13,,,0
10005019,'1495739',843,,2092,13,,,0
10005019,'1495740',913,,2093,13,,,0
10005019,'1495741',943,,2094,13,,,0
10005019,'1495742',1013,,2095,13,,,0
10005019,'1495743',1043,,2096,13,,,0
10005019,'1495744',1113,,2097,13,,,0
10005019,'1495745',1143,,2098,13,,,0
10005019,'1495746',1213,,2099,13,,,0
10005019,'1495747',1243,,2100,13,,,0
10005019,'1495748',1313,,2101,13,,,0
10005019,'1495749',1343,,2102,13,,,0
10005019,'1495750',1413,,2103,13,,,0
10005019,'1495751',1443,,2104,13,,,0
10005019,'1495752',1513,,2105,13,,,0
10005019,'1495753',1543,,2106,13,,,0
10005019,'1495754',1613,,2107,13,,,0
10005019,'1495755',1643,,2108,13,,,0
10005019,'1495756',1713,,2109,13,,,0
10005019,'1495757',1743,,2110,13,,,0
10005019,'1495758',1813,,2111,13,,,0
10005019,'1495759',1843,,2112,13,,,0
10005019,'1495761',1943,,2113,13,,,0
10005019,'1495763',2043,,2114,13,,,0
10005019,'1495765',2143,,2115,13,,,0
10005019,'1495767',2243,,2116,13,,,0
10005019,'1495769',543,,2117,13,,,0
10005019,'1495771',643,,2118,13,,,0
