6029,'1495148',719,,1736,20,,,0
6029,'1495149',802,,1737,20,0,5,0
6029,'1495150',839,,1738,20,,,0
6029,'1495163',1522,,1745,20,0,5,0
6029,'1495164',1559,,1746,20,,,0
6029,'1495165',1642,,1747,20,0,5,0
6029,'1495166',1719,,1748,20,,,0
6029,'1495167',1802,,1749,20,0,5,0
6029,'1495168',1839,,1750,20,,,0
6029,'1495169',1922,,1751,20,0,5,0
6029,'1495170',1959,,1752,20,,,0
6029,'1495419',619,,1754,20,,,0
6029,'1495420',702,,1755,20,0,5,0
6029,'1495421',739,,1756,20,,,0
6029,'1495434',1422,,1763,20,0,5,0
6029,'1495435',1459,,1764,20,,,0
6029,'1495436',1542,,1765,20,0,5,0
6029,'1495437',1619,,1766,20,,,0
6029,'1495438',1702,,1767,20,0,5,0
6029,'1495439',1739,,1768,20,,,0
6029,'1495440',1822,,1769,20,0,5,0
6029,'1495441',1859,,1770,20,,,0
6029,'1495442',1942,,1771,20,0,5,0
6029,'1495796',519,,1775,20,,,0
6029,'1495797',602,,1776,20,0,5,0
6029,'1495798',639,,1777,20,,,0
6029,'1495799',722,,1778,20,0,5,0
6029,'1495800',759,,1779,20,,,0
6029,'1495801',842,,1780,20,0,5,0
6029,'1495814',1519,,1787,20,,,0
6029,'1495815',1602,,1788,20,0,5,0
6029,'1495816',1639,,1789,20,,,0
6029,'1495817',1722,,1790,20,0,5,0
6029,'1495818',1759,,1791,20,,,0
6029,'1495819',1842,,1792,20,0,5,0
6029,'1495820',1919,,1793,20,,,0
6029,'1495821',2002,,1794,20,0,5,0
6029,'1495828',522,,1798,20,0,5,0
6029,'1495829',559,,1799,20,,,0
6029,'1495830',642,,1800,20,0,5,0
6029,'1495831',719,,1801,20,,,0
6029,'1495832',802,,1802,20,0,5,0
6029,'1495833',839,,1803,20,,,0
6029,'1495846',1522,,1810,20,0,5,0
6029,'1495847',1559,,1811,20,,,0
6029,'1495848',1642,,1812,20,0,5,0
6029,'1495849',1719,,1813,20,,,0
6029,'1495850',1802,,1814,20,0,5,0
