10003019,'1495063',825,,2007,20,,,0
10003019,'1495065',925,,2008,20,,,0
10003019,'1495067',1025,,2009,20,,,0
10003019,'1495069',1125,,2010,20,,,0
10003019,'1495071',1225,,2011,20,,,0
10003019,'1495073',1325,,2012,20,,,0
10003019,'1495075',1425,,2013,20,,,0
10003019,'1495077',1525,,2014,20,,,0
10003019,'1495079',1625,,2015,20,,,0
10003019,'1495081',1725,,2016,20,,,0
10003019,'1495083',1825,,2017,20,,,0
10003019,'1495213',1925,,2018,20,,,0
10003019,'1495219',2125,,2019,20,,,0
10003019,'1495317',825,,2020,20,,,0
10003019,'1495319',925,,2021,20,,,0
10003019,'1495321',1025,,2022,20,,,0
10003019,'1495323',1125,,2023,20,,,0
10003019,'1495325',1225,,2024,20,,,0
10003019,'1495327',1325,,2025,20,,,0
10003019,'1495329',1425,,2026,20,,,0
10003019,'1495331',1525,,2027,20,,,0
10003019,'1495333',1625,,2028,20,,,0
10003019,'1495335',1725,,2029,20,,,0
10003019,'1495337',1825,,2030,20,,,0
10003019,'1495339',1925,,2031,20,,,0
10003019,'1495341',2025,,2032,20,,,0
10003019,'1495343',2125,,2033,20,,,0
10003019,'1495451',725,,2034,20,,,0
10003019,'1495630',655,,2035,20,,,0
10003019,'1495632',755,,2036,20,,,0
10003019,'1495633',825,,2037,20,,,0
10003019,'1495634',855,,2038,20,,,0
10003019,'1495635',925,,2039,20,,,0
10003019,'1495636',955,,2040,20,,,0
10003019,'1495637',1025,,2041,20,,,0
10003019,'1495638',1055,,2042,20,,,0
10003019,'1495639',1125,,2043,20,,,0
10003019,'1495640',1155,,2044,20,,,0
10003019,'1495641',1225,,2045,20,,,0
10003019,'1495642',1255,,2046,20,,,0
10003019,'1495643',1325,,2047,20,,,0
10003019,'1495644',1355,,2048,20,,,0
10003019,'1495646',1455,,2049,20,,,0
10003019,'1495648',1555,,2050,20,,,0
10003019,'1495650',1655,,2051,20,,,0
10003019,'1495652',1755,,2052,20,,,0
10003019,'1495654',1855,,2053,20,,,0
10003019,'1495656',1955,,2054,20,,,0
10003019,'1495658',2055,,2055,20,,,0
10003019,'1495660',2155,,2056,20,,,0
