1019,'1494978',1004,,1278,4,,,0
1019,'1494980',1034,,1279,4,,,0
1019,'1494982',1106,,1280,4,,,0
1019,'1494984',1146,,1281,4,,,0
1019,'1494986',1226,,1282,4,,,0
1019,'1494988',1306,,1283,4,,,0
1019,'1494990',1346,,1284,4,,,0
1019,'1494992',1426,,1285,4,,,0
1019,'1494994',1506,,1286,4,,,0
1019,'1494996',1546,,1287,4,,,0
1019,'1494998',1626,,1288,4,,,0
1019,'1495000',1704,,1289,4,,,0
1019,'1495002',1734,,1290,4,,,0
1019,'1495004',1804,,1291,4,,,0
1019,'1495046',1834,,1292,4,,,0
1019,'1495050',1934,,1293,4,,,0
1019,'1495054',2034,,1294,4,,,0
1019,'1495058',2134,,1295,4,,,0
1019,'1495176',734,,1296,4,,,0
1019,'1495180',834,,1297,4,,,0
1019,'1495184',934,,1298,4,,,0
1019,'1495224',604,,1299,4,,,0
1019,'1495228',704,,1300,4,,,0
1019,'1495284',904,,1301,4,,,0
1019,'1495286',934,,1302,4,,,0
1019,'1495288',1004,,1303,4,,,0
1019,'1495290',1034,,1304,4,,,0
1019,'1495292',1106,,1305,4,,,0
1019,'1495294',1146,,1306,4,,,0
1019,'1495296',1226,,1307,4,,,0
1019,'1495298',1306,,1308,4,,,0
1019,'1495300',1346,,1309,4,,,0
1019,'1495302',1426,,1310,4,,,0
1019,'1495304',1506,,1311,4,,,0
1019,'1495306',1546,,1312,4,,,0
1019,'1495308',1626,,1313,4,,,0
1019,'1495310',1706,,1314,4,,,0
1019,'1495312',1746,,1315,4,,,0
1019,'1495314',1826,,1316,4,,,0
1019,'1495454',804,,1317,4,,,0
1019,'1495490',1904,,1318,4,,,0
1019,'1495494',2004,,1319,4,,,0
1019,'1495498',2104,,1320,4,,,0
1019,'1495502',2204,,1321,4,,,0
1019,'1495508',604,,1322,4,,,0
1019,'1495510',634,,1323,4,,,0
1019,'1495512',704,,1324,4,,,0
1019,'1495514',734,,1325,4,,,0
1019,'1495516',804,,1326,4,,,0
1019,'1495518',834,,1327,4,,,0
1019,'1495520',904,,1328,4,,,0
1019,'1495522',934,,1329,4,,,0
1019,'1495524',1004,,1330,4,,,0
1019,'1495526',1034,,1331,4,,,0
1019,'1495528',1106,,1332,4,,,0
1019,'1495530',1146,,1333,4,,,0
1019,'1495532',1226,,1334,4,,,0
1019,'1495534',1306,,1335,4,,,0
1019,'1495536',1346,,1336,4,,,0
1019,'1495538',1426,,1337,4,,,0
1019,'1495540',1506,,1338,4,,,0
1019,'1495542',1546,,1339,4,,,0
1019,'1495544',1626,,1340,4,,,0
1019,'1495546',1706,,1341,4,,,0
1019,'1495548',1746,,1342,4,,,0
1019,'1495550',1826,,1343,4,,,0
1019,'1495552',1904,,1344,4,,,0
1019,'1495554',1934,,1345,4,,,0
1019,'1495556',2004,,1346,4,,,0
1019,'1495558',2034,,1347,4,,,0
1019,'1495560',2104,,1348,4,,,0
1019,'1495562',2134,,1349,4,,,0
1019,'1495564',2204,,1350,4,,,0
1019,'1495568',2304,,1351,4,,,0
