6019,'1495151',925,,1704,26,,,0
6019,'1495153',1025,,1705,26,,,0
6019,'1495155',1125,,1706,26,,,0
6019,'1495157',1225,,1707,26,,,0
6019,'1495159',1325,,1708,26,,,0
6019,'1495161',1425,,1709,26,,,0
6019,'1495171',2055,,1710,26,,,0
6019,'1495173',2155,,1711,26,,,0
6019,'1495422',825,,1712,26,,,0
6019,'1495424',925,,1713,26,,,0
6019,'1495426',1025,,1714,26,,,0
6019,'1495428',1125,,1715,26,,,0
6019,'1495430',1225,,1716,26,,,0
6019,'1495432',1325,,1717,26,,,0
6019,'1495444',2055,,1718,26,,,0
6019,'1495446',2155,,1719,26,,,0
6019,'1495448',2255,,1720,26,,,0
6019,'1495803',955,,1721,26,,,0
6019,'1495805',1055,,1722,26,,,0
6019,'1495807',1155,,1723,26,,,0
6019,'1495809',1255,,1724,26,,,0
6019,'1495811',1355,,1725,26,,,0
6019,'1495813',1455,,1726,26,,,0
6019,'1495823',2125,,1727,26,,,0
6019,'1495825',2225,,1728,26,,,0
6019,'1495827',2325,,1729,26,,,0
6019,'1495834',925,,1730,26,,,0
6019,'1495836',1025,,1731,26,,,0
6019,'1495838',1125,,1732,26,,,0
6019,'1495840',1225,,1733,26,,,0
6019,'1495842',1325,,1734,26,,,0
6019,'1495844',1425,,1735,26,,,0
6029,'1495149',815,,1737,33,0,5,0
6029,'1495163',1535,,1745,33,0,5,0
6029,'1495165',1655,,1747,33,0,5,0
6029,'1495167',1815,,1749,33,0,5,0
6029,'1495169',1935,,1751,33,0,5,0
6029,'1495420',715,,1755,33,0,5,0
6029,'1495434',1435,,1763,33,0,5,0
6029,'1495436',1555,,1765,33,0,5,0
6029,'1495438',1715,,1767,33,0,5,0
6029,'1495440',1835,,1769,33,0,5,0
6029,'1495442',1955,,1771,33,0,5,0
6029,'1495797',615,,1776,33,0,5,0
6029,'1495799',735,,1778,33,0,5,0
6029,'1495801',855,,1780,33,0,5,0
6029,'1495815',1615,,1788,33,0,5,0
6029,'1495817',1735,,1790,33,0,5,0
6029,'1495819',1855,,1792,33,0,5,0
6029,'1495821',2015,,1794,33,0,5,0
6029,'1495828',535,,1798,33,0,5,0
6029,'1495830',655,,1800,33,0,5,0
6029,'1495832',815,,1802,33,0,5,0
6029,'1495846',1535,,1810,33,0,5,0
6029,'1495848',1655,,1812,33,0,5,0
6029,'1495850',1815,,1814,33,0,5,0
140000019,'1495223',2254,,2230,28,,,0
140000019,'1495507',2354,,2231,28,,,0
140000019,'1495910',2354,,2232,28,,,0
