1029,'1494979',1021,,1352,5,,,0
1029,'1494981',1051,,1353,5,,,0
1029,'1494983',1129,,1354,5,,,0
1029,'1494985',1209,,1355,5,,,0
1029,'1494987',1249,,1356,5,,,0
1029,'1494989',1329,,1357,5,,,0
1029,'1494991',1409,,1358,5,,,0
1029,'1494993',1449,,1359,5,,,0
1029,'1494995',1529,,1360,5,,,0
1029,'1494997',1609,,1361,5,,,0
1029,'1494999',1649,,1362,5,,,0
1029,'1495001',1721,,1363,5,,,0
1029,'1495003',1751,,1364,5,,,0
1029,'1495005',1821,,1365,5,,,0
1029,'1495047',1851,,1366,5,,,0
1029,'1495051',1951,,1367,5,,,0
1029,'1495055',2051,,1368,5,,,0
1029,'1495059',2151,,1369,5,,,0
1029,'1495177',751,,1370,5,,,0
1029,'1495181',851,,1371,5,,,0
1029,'1495185',951,,1372,5,,,0
1029,'1495225',621,,1373,5,,,0
1029,'1495229',721,,1374,5,,,0
1029,'1495285',921,,1375,5,,,0
1029,'1495287',951,,1376,5,,,0
1029,'1495289',1021,,1377,5,,,0
1029,'1495291',1051,,1378,5,,,0
1029,'1495293',1129,,1379,5,,,0
1029,'1495295',1209,,1380,5,,,0
1029,'1495297',1249,,1381,5,,,0
1029,'1495299',1329,,1382,5,,,0
1029,'1495301',1409,,1383,5,,,0
1029,'1495303',1449,,1384,5,,,0
1029,'1495305',1529,,1385,5,,,0
1029,'1495307',1609,,1386,5,,,0
1029,'1495309',1649,,1387,5,,,0
1029,'1495311',1729,,1388,5,,,0
1029,'1495313',1809,,1389,5,,,0
1029,'1495315',1849,,1390,5,,,0
1029,'1495455',821,,1391,5,,,0
1029,'1495491',1921,,1392,5,,,0
1029,'1495495',2021,,1393,5,,,0
1029,'1495499',2121,,1394,5,,,0
1029,'1495503',2221,,1395,5,,,0
1029,'1495509',621,,1396,5,,,0
1029,'1495511',651,,1397,5,,,0
1029,'1495513',721,,1398,5,,,0
1029,'1495515',751,,1399,5,,,0
1029,'1495517',821,,1400,5,,,0
1029,'1495519',851,,1401,5,,,0
1029,'1495521',921,,1402,5,,,0
1029,'1495523',951,,1403,5,,,0
1029,'1495525',1021,,1404,5,,,0
1029,'1495527',1051,,1405,5,,,0
1029,'1495529',1129,,1406,5,,,0
1029,'1495531',1209,,1407,5,,,0
1029,'1495533',1249,,1408,5,,,0
1029,'1495535',1329,,1409,5,,,0
1029,'1495537',1409,,1410,5,,,0
1029,'1495539',1449,,1411,5,,,0
1029,'1495541',1529,,1412,5,,,0
1029,'1495543',1609,,1413,5,,,0
1029,'1495545',1649,,1414,5,,,0
1029,'1495547',1729,,1415,5,,,0
1029,'1495549',1809,,1416,5,,,0
1029,'1495551',1849,,1417,5,,,0
1029,'1495553',1921,,1418,5,,,0
1029,'1495555',1951,,1419,5,,,0
1029,'1495557',2021,,1420,5,,,0
1029,'1495559',2051,,1421,5,,,0
1029,'1495561',2121,,1422,5,,,0
1029,'1495563',2151,,1423,5,,,0
1029,'1495565',2221,,1424,5,,,0
1029,'1495569',2321,,1425,5,,,0
