2029,'1495007',725,,1515,12,,,0
2029,'1495009',755,,1516,12,,,0
2029,'1495011',825,,1517,12,,,0
2029,'1495013',855,,1518,12,,,0
2029,'1495015',925,,1519,12,,,0
2029,'1495017',955,,1520,12,,,0
2029,'1495019',1025,,1521,12,,,0
2029,'1495021',1055,,1522,12,,,0
2029,'1495023',1134,,1523,12,,,0
2029,'1495025',1214,,1524,12,,,0
2029,'1495027',1254,,1525,12,,,0
2029,'1495029',1334,,1526,12,,,0
2029,'1495031',1414,,1527,12,,,0
2029,'1495033',1454,,1528,12,,,0
2029,'1495035',1534,,1529,12,,,0
2029,'1495037',1614,,1530,12,,,0
2029,'1495039',1654,,1531,12,,,0
2029,'1495041',1725,,1532,12,,,0
2029,'1495043',1755,,1533,12,,,0
2029,'1495045',1825,,1534,12,,,0
2029,'1495049',1925,,1535,12,,,0
2029,'1495053',2025,,1536,12,,,0
2029,'1495057',2125,,1537,12,,,0
2029,'1495061',2225,,1538,12,,,0
2029,'1495227',655,,1539,12,,,0
2029,'1495231',755,,1540,12,,,0
2029,'1495233',825,,1541,12,,,0
2029,'1495235',855,,1542,12,,,0
2029,'1495237',925,,1543,12,,,0
2029,'1495239',955,,1544,12,,,0
2029,'1495241',1025,,1545,12,,,0
2029,'1495243',1055,,1546,12,,,0
2029,'1495245',1134,,1547,12,,,0
2029,'1495247',1214,,1548,12,,,0
2029,'1495249',1254,,1549,12,,,0
2029,'1495251',1334,,1550,12,,,0
2029,'1495253',1414,,1551,12,,,0
2029,'1495255',1454,,1552,12,,,0
2029,'1495257',1534,,1553,12,,,0
2029,'1495259',1614,,1554,12,,,0
2029,'1495261',1654,,1555,12,,,0
2029,'1495263',1734,,1556,12,,,0
2029,'1495265',1814,,1557,12,,,0
2029,'1495267',1854,,1558,12,,,0
2029,'1495269',1925,,1559,12,,,0
2029,'1495271',1955,,1560,12,,,0
2029,'1495273',2025,,1561,12,,,0
2029,'1495275',2055,,1562,12,,,0
2029,'1495277',2125,,1563,12,,,0
2029,'1495279',2155,,1564,12,,,0
2029,'1495281',2225,,1565,12,,,0
2029,'1495283',2255,,1566,12,,,0
2029,'1495567',2255,,1567,12,,,0
2029,'1495571',525,,1568,12,,,0
2029,'1495573',555,,1569,12,,,0
2029,'1495575',625,,1570,12,,,0
2029,'1495577',655,,1571,12,,,0
2029,'1495579',725,,1572,12,,,0
2029,'1495581',755,,1573,12,,,0
2029,'1495583',825,,1574,12,,,0
2029,'1495585',855,,1575,12,,,0
2029,'1495587',925,,1576,12,,,0
2029,'1495589',955,,1577,12,,,0
2029,'1495591',1025,,1578,12,,,0
2029,'1495593',1055,,1579,12,,,0
2029,'1495595',1134,,1580,12,,,0
2029,'1495597',1214,,1581,12,,,0
2029,'1495599',1254,,1582,12,,,0
2029,'1495601',1334,,1583,12,,,0
2029,'1495603',1414,,1584,12,,,0
2029,'1495605',1454,,1585,12,,,0
2029,'1495607',1534,,1586,12,,,0
2029,'1495609',1614,,1587,12,,,0
2029,'1495611',1654,,1588,12,,,0
2029,'1495613',1734,,1589,12,,,0
2029,'1495615',1814,,1590,12,,,0
2029,'1495617',1854,,1591,12,,,0
2029,'1495619',1925,,1592,12,,,0
2029,'1495621',1955,,1593,12,,,0
2029,'1495623',2025,,1594,12,,,0
2029,'1495625',2055,,1595,12,,,0
2029,'1495627',2125,,1596,12,,,0
2029,'1495629',2155,,1597,12,,,0
2029,'1495674',1434,,1598,12,,,0
2029,'1495676',1514,,1599,12,,,0
2029,'1495678',1554,,1600,12,,,0
2029,'1495680',1634,,1601,12,,,0
2029,'1495682',1714,,1602,12,,,0
2029,'1495684',1754,,1603,12,,,0
8019,'1495087',834,,1960,28,,,0
8019,'1495090',954,,1961,28,,,0
8019,'1495093',1114,,1962,28,,,0
8019,'1495096',1234,,1963,28,,,0
8019,'1495099',1354,,1964,28,,,0
8019,'1495102',1514,,1965,28,,,0
8019,'1495105',1634,,1966,28,,,0
8019,'1495108',1754,,1967,28,,,0
8019,'1495111',1914,,1968,28,,,0
8019,'1495114',2034,,1969,28,,,0
8019,'1495117',2154,,1970,28,,,0
8019,'1495190',1154,,1971,28,,,0
8019,'1495347',714,,1972,28,,,0
8019,'1495350',834,,1973,28,,,0
8019,'1495353',954,,1974,28,,,0
8019,'1495356',1114,,1975,28,,,0
8019,'1495359',1234,,1976,28,,,0
8019,'1495362',1354,,1977,28,,,0
8019,'1495365',1514,,1978,28,,,0
8019,'1495368',1634,,1979,28,,,0
8019,'1495371',1754,,1980,28,,,0
8019,'1495374',1914,,1981,28,,,0
8019,'1495377',2034,,1982,28,,,0
8019,'1495380',2154,,1983,28,,,0
8019,'1495733',2214,,1984,28,,,0
8019,'1495911',654,,1985,28,,,0
8019,'1495912',734,,1986,28,,,0
8019,'1495913',814,,1987,28,,,0
8019,'1495914',854,,1988,28,,,0
8019,'1495915',934,,1989,28,,,0
8019,'1495916',1014,,1990,28,,,0
8019,'1495917',1054,,1991,28,,,0
8019,'1495918',1134,,1992,28,,,0
8019,'1495919',1214,,1993,28,,,0
8019,'1495920',1254,,1994,28,,,0
8019,'1495921',1334,,1995,28,,,0
8019,'1495922',1414,,1996,28,,,0
8019,'1495923',1454,,1997,28,,,0
8019,'1495924',1534,,1998,28,,,0
8019,'1495925',1614,,1999,28,,,0
8019,'1495926',1654,,2000,28,,,0
8019,'1495927',1734,,2001,28,,,0
8019,'1495928',1814,,2002,28,,,0
8019,'1495929',1854,,2003,28,,,0
8019,'1495930',1934,,2004,28,,,0
8019,'1495931',2014,,2005,28,,,0
8019,'1495932',2054,,2006,28,,,0
