4019,'1495085',722,,1604,2,,,0
4019,'1495088',842,,1605,2,,,0
4019,'1495091',1002,,1606,2,,,0
4019,'1495094',1122,,1607,2,,,0
4019,'1495097',1242,,1608,2,,,0
4019,'1495100',1402,,1609,2,,,0
4019,'1495103',1522,,1610,2,,,0
4019,'1495106',1642,,1611,2,,,0
4019,'1495109',1802,,1612,2,,,0
4019,'1495112',1922,,1613,2,,,0
4019,'1495115',2042,,1614,2,,,0
4019,'1495345',602,,1615,2,,,0
4019,'1495348',722,,1616,2,,,0
4019,'1495351',842,,1617,2,,,0
4019,'1495354',1002,,1618,2,,,0
4019,'1495357',1122,,1619,2,,,0
4019,'1495360',1242,,1620,2,,,0
4019,'1495363',1402,,1621,2,,,0
4019,'1495366',1522,,1622,2,,,0
4019,'1495369',1642,,1623,2,,,0
4019,'1495372',1802,,1624,2,,,0
4019,'1495375',1922,,1625,2,,,0
4019,'1495378',2042,,1626,2,,,0
4019,'1495381',2202,,1627,2,,,0
4019,'1495383',2242,,1628,2,,,0
4019,'1495685',542,,1629,2,,,0
4019,'1495687',622,,1630,2,,,0
4019,'1495689',702,,1631,2,,,0
4019,'1495691',742,,1632,2,,,0
4019,'1495693',822,,1633,2,,,0
4019,'1495695',902,,1634,2,,,0
4019,'1495697',942,,1635,2,,,0
4019,'1495699',1022,,1636,2,,,0
4019,'1495701',1102,,1637,2,,,0
4019,'1495703',1142,,1638,2,,,0
4019,'1495705',1222,,1639,2,,,0
4019,'1495707',1302,,1640,2,,,0
4019,'1495709',1342,,1641,2,,,0
4019,'1495711',1422,,1642,2,,,0
4019,'1495713',1502,,1643,2,,,0
4019,'1495715',1542,,1644,2,,,0
4019,'1495717',1622,,1645,2,,,0
4019,'1495719',1702,,1646,2,,,0
4019,'1495721',1742,,1647,2,,,0
4019,'1495723',1822,,1648,2,,,0
4019,'1495725',1902,,1649,2,,,0
4019,'1495727',1942,,1650,2,,,0
4019,'1495729',2022,,1651,2,,,0
4019,'1495731',2102,,1652,2,,,0
4019,'1495734',2222,,1653,2,,,0
