7019,'1495175',725,,1815,9,,,0
7019,'1495179',825,,1816,9,,,0
7019,'1495183',925,,1817,9,,,0
7019,'1495187',1034,,1818,9,,,0
7019,'1495189',1114,,1819,9,,,0
7019,'1495192',1234,,1820,9,,,0
7019,'1495194',1314,,1821,9,,,0
7019,'1495196',1354,,1822,9,,,0
7019,'1495198',1434,,1823,9,,,0
7019,'1495200',1514,,1824,9,,,0
7019,'1495202',1554,,1825,9,,,0
7019,'1495204',1634,,1826,9,,,0
7019,'1495206',1714,,1827,9,,,0
7019,'1495208',1754,,1828,9,,,0
7019,'1495210',1825,,1829,9,,,0
7019,'1495212',1855,,1830,9,,,0
7019,'1495215',1955,,1831,9,,,0
7019,'1495218',2055,,1832,9,,,0
7019,'1495221',2155,,1833,9,,,0
7019,'1495450',655,,1834,9,,,0
7019,'1495453',755,,1835,9,,,0
7019,'1495457',855,,1836,9,,,0
7019,'1495459',925,,1837,9,,,0
7019,'1495461',955,,1838,9,,,0
7019,'1495463',1034,,1839,9,,,0
7019,'1495465',1114,,1840,9,,,0
7019,'1495467',1154,,1841,9,,,0
7019,'1495469',1234,,1842,9,,,0
7019,'1495471',1314,,1843,9,,,0
7019,'1495473',1354,,1844,9,,,0
7019,'1495475',1434,,1845,9,,,0
7019,'1495477',1514,,1846,9,,,0
7019,'1495479',1554,,1847,9,,,0
7019,'1495481',1634,,1848,9,,,0
7019,'1495483',1714,,1849,9,,,0
7019,'1495485',1754,,1850,9,,,0
7019,'1495487',1825,,1851,9,,,0
7019,'1495489',1855,,1852,9,,,0
7019,'1495493',1955,,1853,9,,,0
7019,'1495497',2055,,1854,9,,,0
7019,'1495501',2155,,1855,9,,,0
7019,'1495505',2255,,1856,9,,,0
7019,'1495852',625,,1857,9,,,0
7019,'1495854',655,,1858,9,,,0
7019,'1495856',725,,1859,9,,,0
7019,'1495858',755,,1860,9,,,0
7019,'1495860',825,,1861,9,,,0
7019,'1495862',855,,1862,9,,,0
7019,'1495864',934,,1863,9,,,0
7019,'1495866',1014,,1864,9,,,0
7019,'1495868',1054,,1865,9,,,0
7019,'1495870',1134,,1866,9,,,0
7019,'1495872',1214,,1867,9,,,0
7019,'1495874',1254,,1868,9,,,0
7019,'1495876',1334,,1869,9,,,0
7019,'1495878',1414,,1870,9,,,0
7019,'1495880',1454,,1871,9,,,0
7019,'1495882',1534,,1872,9,,,0
7019,'1495884',1614,,1873,9,,,0
7019,'1495886',1654,,1874,9,,,0
7019,'1495888',1734,,1875,9,,,0
7019,'1495890',1814,,1876,9,,,0
7019,'1495892',1854,,1877,9,,,0
7019,'1495894',1925,,1878,9,,,0
7019,'1495896',1955,,1879,9,,,0
7019,'1495898',2025,,1880,9,,,0
7019,'1495900',2055,,1881,9,,,0
7019,'1495902',2125,,1882,9,,,0
7019,'1495904',2155,,1883,9,,,0
7019,'1495906',2225,,1884,9,,,0
7019,'1495908',2255,,1885,9,,,0
30003019,'1495062',754,,2119,20,,,0
30003019,'1495064',854,,2120,20,,,0
30003019,'1495066',954,,2121,20,,,0
30003019,'1495068',1054,,2122,20,,,0
30003019,'1495070',1154,,2123,20,,,0
30003019,'1495072',1254,,2124,20,,,0
30003019,'1495074',1354,,2125,20,,,0
30003019,'1495076',1454,,2126,20,,,0
30003019,'1495078',1554,,2127,20,,,0
30003019,'1495080',1654,,2128,20,,,0
30003019,'1495082',1754,,2129,20,,,0
30003019,'1495084',1854,,2130,20,,,0
30003019,'1495216',2024,,2131,20,,,0
30003019,'1495316',754,,2132,20,,,0
30003019,'1495318',854,,2133,20,,,0
30003019,'1495320',954,,2134,20,,,0
30003019,'1495322',1054,,2135,20,,,0
30003019,'1495324',1154,,2136,20,,,0
30003019,'1495326',1254,,2137,20,,,0
30003019,'1495328',1354,,2138,20,,,0
30003019,'1495330',1454,,2139,20,,,0
30003019,'1495332',1554,,2140,20,,,0
30003019,'1495334',1654,,2141,20,,,0
30003019,'1495336',1754,,2142,20,,,0
30003019,'1495338',1854,,2143,20,,,0
30003019,'1495340',1954,,2144,20,,,0
30003019,'1495342',2054,,2145,20,,,0
30003019,'1495344',2154,,2146,20,,,0
30003019,'1495631',724,,2147,20,,,0
30003019,'1495645',1424,,2148,20,,,0
30003019,'1495647',1524,,2149,20,,,0
30003019,'1495649',1624,,2150,20,,,0
30003019,'1495651',1724,,2151,20,,,0
30003019,'1495653',1824,,2152,20,,,0
30003019,'1495655',1924,,2153,20,,,0
30003019,'1495657',2024,,2154,20,,,0
30003019,'1495659',2124,,2155,20,,,0
30003019,'1495661',2224,,2156,20,,,0
30003019,'1495662',839,,2157,20,,,0
30003019,'1495663',909,,2158,20,,,0
30003019,'1495664',939,,2159,20,,,0
30003019,'1495665',1009,,2160,20,,,0
30003019,'1495666',1039,,2161,20,,,0
30003019,'1495667',1109,,2162,20,,,0
30003019,'1495668',1139,,2163,20,,,0
30003019,'1495669',1209,,2164,20,,,0
30003019,'1495670',1239,,2165,20,,,0
30003019,'1495671',1309,,2166,20,,,0
30003019,'1495672',1339,,2167,20,,,0
