4019,'1495085',723,,1604,4,,,0
4019,'1495088',843,,1605,4,,,0
4019,'1495091',1003,,1606,4,,,0
4019,'1495094',1123,,1607,4,,,0
4019,'1495097',1243,,1608,4,,,0
4019,'1495100',1403,,1609,4,,,0
4019,'1495103',1523,,1610,4,,,0
4019,'1495106',1643,,1611,4,,,0
4019,'1495109',1803,,1612,4,,,0
4019,'1495112',1923,,1613,4,,,0
4019,'1495115',2043,,1614,4,,,0
4019,'1495345',603,,1615,4,,,0
4019,'1495348',723,,1616,4,,,0
4019,'1495351',843,,1617,4,,,0
4019,'1495354',1003,,1618,4,,,0
4019,'1495357',1123,,1619,4,,,0
4019,'1495360',1243,,1620,4,,,0
4019,'1495363',1403,,1621,4,,,0
4019,'1495366',1523,,1622,4,,,0
4019,'1495369',1643,,1623,4,,,0
4019,'1495372',1803,,1624,4,,,0
4019,'1495375',1923,,1625,4,,,0
4019,'1495378',2043,,1626,4,,,0
4019,'1495381',2203,,1627,4,,,0
4019,'1495383',2243,,1628,4,,,0
4019,'1495685',543,,1629,4,,,0
4019,'1495687',623,,1630,4,,,0
4019,'1495689',703,,1631,4,,,0
4019,'1495691',743,,1632,4,,,0
4019,'1495693',823,,1633,4,,,0
4019,'1495695',903,,1634,4,,,0
4019,'1495697',943,,1635,4,,,0
4019,'1495699',1023,,1636,4,,,0
4019,'1495701',1103,,1637,4,,,0
4019,'1495703',1143,,1638,4,,,0
4019,'1495705',1223,,1639,4,,,0
4019,'1495707',1303,,1640,4,,,0
4019,'1495709',1343,,1641,4,,,0
4019,'1495711',1423,,1642,4,,,0
4019,'1495713',1503,,1643,4,,,0
4019,'1495715',1543,,1644,4,,,0
4019,'1495717',1623,,1645,4,,,0
4019,'1495719',1703,,1646,4,,,0
4019,'1495721',1743,,1647,4,,,0
4019,'1495723',1823,,1648,4,,,0
4019,'1495725',1903,,1649,4,,,0
4019,'1495727',1943,,1650,4,,,0
4019,'1495729',2023,,1651,4,,,0
4019,'1495731',2103,,1652,4,,,0
4019,'1495734',2223,,1653,4,,,0
