7019,'1495175',728,,1815,12,4,,0
7019,'1495179',828,,1816,12,4,,0
7019,'1495183',928,,1817,12,4,,0
7019,'1495187',1038,,1818,12,4,,0
7019,'1495189',1118,,1819,12,4,,0
7019,'1495192',1238,,1820,12,4,,0
7019,'1495194',1318,,1821,12,4,,0
7019,'1495196',1358,,1822,12,4,,0
7019,'1495198',1438,,1823,12,4,,0
7019,'1495200',1518,,1824,12,4,,0
7019,'1495202',1558,,1825,12,4,,0
7019,'1495204',1638,,1826,12,4,,0
7019,'1495206',1718,,1827,12,4,,0
7019,'1495208',1758,,1828,12,4,,0
7019,'1495210',1828,,1829,12,4,,0
7019,'1495212',1858,,1830,12,4,,0
7019,'1495215',1958,,1831,12,4,,0
7019,'1495218',2058,,1832,12,4,,0
7019,'1495221',2158,,1833,12,4,,0
7019,'1495450',658,,1834,12,4,,0
7019,'1495453',758,,1835,12,4,,0
7019,'1495457',858,,1836,12,4,,0
7019,'1495459',928,,1837,12,4,,0
7019,'1495461',958,,1838,12,4,,0
7019,'1495463',1038,,1839,12,4,,0
7019,'1495465',1118,,1840,12,4,,0
7019,'1495467',1158,,1841,12,4,,0
7019,'1495469',1238,,1842,12,4,,0
7019,'1495471',1318,,1843,12,4,,0
7019,'1495473',1358,,1844,12,4,,0
7019,'1495475',1438,,1845,12,4,,0
7019,'1495477',1518,,1846,12,4,,0
7019,'1495479',1558,,1847,12,4,,0
7019,'1495481',1638,,1848,12,4,,0
7019,'1495483',1718,,1849,12,4,,0
7019,'1495485',1758,,1850,12,4,,0
7019,'1495487',1828,,1851,12,4,,0
7019,'1495489',1858,,1852,12,4,,0
7019,'1495493',1958,,1853,12,4,,0
7019,'1495497',2058,,1854,12,4,,0
7019,'1495501',2158,,1855,12,4,,0
7019,'1495505',2258,,1856,12,4,,0
7019,'1495852',628,,1857,12,4,,0
7019,'1495854',658,,1858,12,4,,0
7019,'1495856',728,,1859,12,4,,0
7019,'1495858',758,,1860,12,4,,0
7019,'1495860',828,,1861,12,4,,0
7019,'1495862',858,,1862,12,4,,0
7019,'1495864',938,,1863,12,4,,0
7019,'1495866',1018,,1864,12,4,,0
7019,'1495868',1058,,1865,12,4,,0
7019,'1495870',1138,,1866,12,4,,0
7019,'1495872',1218,,1867,12,4,,0
7019,'1495874',1258,,1868,12,4,,0
7019,'1495876',1338,,1869,12,4,,0
7019,'1495878',1418,,1870,12,4,,0
7019,'1495880',1458,,1871,12,4,,0
7019,'1495882',1538,,1872,12,4,,0
7019,'1495884',1618,,1873,12,4,,0
7019,'1495886',1658,,1874,12,4,,0
7019,'1495888',1738,,1875,12,4,,0
7019,'1495890',1818,,1876,12,4,,0
7019,'1495892',1858,,1877,12,4,,0
7019,'1495894',1928,,1878,12,4,,0
7019,'1495896',1958,,1879,12,4,,0
7019,'1495898',2028,,1880,12,4,,0
7019,'1495900',2058,,1881,12,4,,0
7019,'1495902',2128,,1882,12,4,,0
7019,'1495904',2158,,1883,12,4,,0
7019,'1495906',2228,,1884,12,4,,0
7019,'1495908',2258,,1885,12,4,,0
7029,'1495174',700,,1886,1,,,0
7029,'1495178',800,,1887,1,,,0
7029,'1495182',900,,1888,1,,,0
7029,'1495186',1000,,1889,1,,,0
7029,'1495188',1040,,1890,1,,,0
7029,'1495191',1200,,1891,1,,,0
7029,'1495193',1240,,1892,1,,,0
7029,'1495195',1320,,1893,1,,,0
7029,'1495197',1400,,1894,1,,,0
7029,'1495199',1440,,1895,1,,,0
7029,'1495201',1520,,1896,1,,,0
7029,'1495203',1600,,1897,1,,,0
7029,'1495205',1640,,1898,1,,,0
7029,'1495207',1720,,1899,1,,,0
7029,'1495209',1800,,1900,1,,,0
7029,'1495211',1830,,1901,1,,,0
7029,'1495214',1930,,1902,1,,,0
7029,'1495217',2030,,1903,1,,,0
7029,'1495220',2130,,1904,1,,,0
7029,'1495222',2200,,1905,1,,,0
7029,'1495449',630,,1906,1,,,0
7029,'1495452',730,,1907,1,,,0
7029,'1495456',830,,1908,1,,,0
7029,'1495458',900,,1909,1,,,0
7029,'1495460',930,,1910,1,,,0
7029,'1495462',1000,,1911,1,,,0
7029,'1495464',1040,,1912,1,,,0
7029,'1495466',1120,,1913,1,,,0
7029,'1495468',1200,,1914,1,,,0
7029,'1495470',1240,,1915,1,,,0
7029,'1495472',1320,,1916,1,,,0
7029,'1495474',1400,,1917,1,,,0
7029,'1495476',1440,,1918,1,,,0
7029,'1495478',1520,,1919,1,,,0
7029,'1495480',1600,,1920,1,,,0
7029,'1495482',1640,,1921,1,,,0
7029,'1495484',1720,,1922,1,,,0
7029,'1495486',1800,,1923,1,,,0
7029,'1495488',1830,,1924,1,,,0
7029,'1495492',1930,,1925,1,,,0
7029,'1495496',2030,,1926,1,,,0
7029,'1495500',2130,,1927,1,,,0
7029,'1495504',2230,,1928,1,,,0
7029,'1495506',2300,,1929,1,,,0
7029,'1495851',600,,1930,1,,,0
7029,'1495853',630,,1931,1,,,0
7029,'1495855',700,,1932,1,,,0
7029,'1495857',730,,1933,1,,,0
7029,'1495859',800,,1934,1,,,0
7029,'1495861',830,,1935,1,,,0
7029,'1495863',900,,1936,1,,,0
7029,'1495865',940,,1937,1,,,0
7029,'1495867',1020,,1938,1,,,0
7029,'1495869',1100,,1939,1,,,0
7029,'1495871',1140,,1940,1,,,0
7029,'1495873',1220,,1941,1,,,0
7029,'1495875',1300,,1942,1,,,0
7029,'1495877',1340,,1943,1,,,0
7029,'1495879',1420,,1944,1,,,0
7029,'1495881',1500,,1945,1,,,0
7029,'1495883',1540,,1946,1,,,0
7029,'1495885',1620,,1947,1,,,0
7029,'1495887',1700,,1948,1,,,0
7029,'1495889',1740,,1949,1,,,0
7029,'1495891',1820,,1950,1,,,0
7029,'1495893',1900,,1951,1,,,0
7029,'1495895',1930,,1952,1,,,0
7029,'1495897',2000,,1953,1,,,0
7029,'1495899',2030,,1954,1,,,0
7029,'1495901',2100,,1955,1,,,0
7029,'1495903',2130,,1956,1,,,0
7029,'1495905',2200,,1957,1,,,0
7029,'1495907',2230,,1958,1,,,0
7029,'1495909',2300,,1959,1,,,0
