6019,'1495151',911,,1704,9,,,0
6019,'1495153',1011,,1705,9,,,0
6019,'1495155',1111,,1706,9,,,0
6019,'1495157',1211,,1707,9,,,0
6019,'1495159',1311,,1708,9,,,0
6019,'1495161',1411,,1709,9,,,0
6019,'1495171',2041,,1710,9,,,0
6019,'1495173',2141,,1711,9,,,0
6019,'1495422',811,,1712,9,,,0
6019,'1495424',911,,1713,9,,,0
6019,'1495426',1011,,1714,9,,,0
6019,'1495428',1111,,1715,9,,,0
6019,'1495430',1211,,1716,9,,,0
6019,'1495432',1311,,1717,9,,,0
6019,'1495444',2041,,1718,9,,,0
6019,'1495446',2141,,1719,9,,,0
6019,'1495448',2241,,1720,9,,,0
6019,'1495803',941,,1721,9,,,0
6019,'1495805',1041,,1722,9,,,0
6019,'1495807',1141,,1723,9,,,0
6019,'1495809',1241,,1724,9,,,0
6019,'1495811',1341,,1725,9,,,0
6019,'1495813',1441,,1726,9,,,0
6019,'1495823',2111,,1727,9,,,0
6019,'1495825',2211,,1728,9,,,0
6019,'1495827',2311,,1729,9,,,0
6019,'1495834',911,,1730,9,,,0
6019,'1495836',1011,,1731,9,,,0
6019,'1495838',1111,,1732,9,,,0
6019,'1495840',1211,,1733,9,,,0
6019,'1495842',1311,,1734,9,,,0
6019,'1495844',1411,,1735,9,,,0
6029,'1495149',751,,1737,9,0,5,0
6029,'1495163',1511,,1745,9,0,5,0
6029,'1495165',1631,,1747,9,0,5,0
6029,'1495167',1751,,1749,9,0,5,0
6029,'1495169',1911,,1751,9,0,5,0
6029,'1495420',651,,1755,9,0,5,0
6029,'1495434',1411,,1763,9,0,5,0
6029,'1495436',1531,,1765,9,0,5,0
6029,'1495438',1651,,1767,9,0,5,0
6029,'1495440',1811,,1769,9,0,5,0
6029,'1495442',1931,,1771,9,0,5,0
6029,'1495797',551,,1776,9,0,5,0
6029,'1495799',711,,1778,9,0,5,0
6029,'1495801',831,,1780,9,0,5,0
6029,'1495815',1551,,1788,9,0,5,0
6029,'1495817',1711,,1790,9,0,5,0
6029,'1495819',1831,,1792,9,0,5,0
6029,'1495821',1951,,1794,9,0,5,0
6029,'1495828',511,,1798,9,0,5,0
6029,'1495830',631,,1800,9,0,5,0
6029,'1495832',751,,1802,9,0,5,0
6029,'1495846',1511,,1810,9,0,5,0
6029,'1495848',1631,,1812,9,0,5,0
6029,'1495850',1751,,1814,9,0,5,0
140000019,'1495223',2238,,2230,9,,,0
140000019,'1495507',2338,,2231,9,,,0
140000019,'1495910',2338,,2232,9,,,0
