7029,'1495174',707,,1886,7,,,0
7029,'1495178',807,,1887,7,,,0
7029,'1495182',907,,1888,7,,,0
7029,'1495186',1009,,1889,7,,,0
7029,'1495188',1049,,1890,7,,,0
7029,'1495191',1209,,1891,7,,,0
7029,'1495193',1249,,1892,7,,,0
7029,'1495195',1329,,1893,7,,,0
7029,'1495197',1409,,1894,7,,,0
7029,'1495199',1449,,1895,7,,,0
7029,'1495201',1529,,1896,7,,,0
7029,'1495203',1609,,1897,7,,,0
7029,'1495205',1649,,1898,7,,,0
7029,'1495207',1729,,1899,7,,,0
7029,'1495209',1807,,1900,7,,,0
7029,'1495211',1837,,1901,7,,,0
7029,'1495214',1937,,1902,7,,,0
7029,'1495217',2037,,1903,7,,,0
7029,'1495220',2137,,1904,7,,,0
7029,'1495222',2207,,1905,7,,,0
7029,'1495449',637,,1906,7,,,0
7029,'1495452',737,,1907,7,,,0
7029,'1495456',837,,1908,7,,,0
7029,'1495458',907,,1909,7,,,0
7029,'1495460',937,,1910,7,,,0
7029,'1495462',1009,,1911,7,,,0
7029,'1495464',1049,,1912,7,,,0
7029,'1495466',1129,,1913,7,,,0
7029,'1495468',1209,,1914,7,,,0
7029,'1495470',1249,,1915,7,,,0
7029,'1495472',1329,,1916,7,,,0
7029,'1495474',1409,,1917,7,,,0
7029,'1495476',1449,,1918,7,,,0
7029,'1495478',1529,,1919,7,,,0
7029,'1495480',1609,,1920,7,,,0
7029,'1495482',1649,,1921,7,,,0
7029,'1495484',1729,,1922,7,,,0
7029,'1495486',1807,,1923,7,,,0
7029,'1495488',1837,,1924,7,,,0
7029,'1495492',1937,,1925,7,,,0
7029,'1495496',2037,,1926,7,,,0
7029,'1495500',2137,,1927,7,,,0
7029,'1495504',2237,,1928,7,,,0
7029,'1495506',2307,,1929,7,,,0
7029,'1495851',607,,1930,7,,,0
7029,'1495853',637,,1931,7,,,0
7029,'1495855',707,,1932,7,,,0
7029,'1495857',737,,1933,7,,,0
7029,'1495859',807,,1934,7,,,0
7029,'1495861',837,,1935,7,,,0
7029,'1495863',909,,1936,7,,,0
7029,'1495865',949,,1937,7,,,0
7029,'1495867',1029,,1938,7,,,0
7029,'1495869',1109,,1939,7,,,0
7029,'1495871',1149,,1940,7,,,0
7029,'1495873',1229,,1941,7,,,0
7029,'1495875',1309,,1942,7,,,0
7029,'1495877',1349,,1943,7,,,0
7029,'1495879',1429,,1944,7,,,0
7029,'1495881',1509,,1945,7,,,0
7029,'1495883',1549,,1946,7,,,0
7029,'1495885',1629,,1947,7,,,0
7029,'1495887',1709,,1948,7,,,0
7029,'1495889',1749,,1949,7,,,0
7029,'1495891',1829,,1950,7,,,0
7029,'1495893',1907,,1951,7,,,0
7029,'1495895',1937,,1952,7,,,0
7029,'1495897',2007,,1953,7,,,0
7029,'1495899',2037,,1954,7,,,0
7029,'1495901',2107,,1955,7,,,0
7029,'1495903',2137,,1956,7,,,0
7029,'1495905',2207,,1957,7,,,0
7029,'1495907',2237,,1958,7,,,0
7029,'1495909',2307,,1959,7,,,0
