6029,'1495148',716,,1736,18,,,0
6029,'1495149',759,,1737,18,0,5,0
6029,'1495150',836,,1738,18,,,0
6029,'1495163',1519,,1745,18,0,5,0
6029,'1495164',1556,,1746,18,,,0
6029,'1495165',1639,,1747,18,0,5,0
6029,'1495166',1716,,1748,18,,,0
6029,'1495167',1759,,1749,18,0,5,0
6029,'1495168',1836,,1750,18,,,0
6029,'1495169',1919,,1751,18,0,5,0
6029,'1495170',1956,,1752,18,,,0
6029,'1495419',616,,1754,18,,,0
6029,'1495420',659,,1755,18,0,5,0
6029,'1495421',736,,1756,18,,,0
6029,'1495434',1419,,1763,18,0,5,0
6029,'1495435',1456,,1764,18,,,0
6029,'1495436',1539,,1765,18,0,5,0
6029,'1495437',1616,,1766,18,,,0
6029,'1495438',1659,,1767,18,0,5,0
6029,'1495439',1736,,1768,18,,,0
6029,'1495440',1819,,1769,18,0,5,0
6029,'1495441',1856,,1770,18,,,0
6029,'1495442',1939,,1771,18,0,5,0
6029,'1495796',516,,1775,18,,,0
6029,'1495797',559,,1776,18,0,5,0
6029,'1495798',636,,1777,18,,,0
6029,'1495799',719,,1778,18,0,5,0
6029,'1495800',756,,1779,18,,,0
6029,'1495801',839,,1780,18,0,5,0
6029,'1495814',1516,,1787,18,,,0
6029,'1495815',1559,,1788,18,0,5,0
6029,'1495816',1636,,1789,18,,,0
6029,'1495817',1719,,1790,18,0,5,0
6029,'1495818',1756,,1791,18,,,0
6029,'1495819',1839,,1792,18,0,5,0
6029,'1495820',1916,,1793,18,,,0
6029,'1495821',1959,,1794,18,0,5,0
6029,'1495828',519,,1798,18,0,5,0
6029,'1495829',556,,1799,18,,,0
6029,'1495830',639,,1800,18,0,5,0
6029,'1495831',716,,1801,18,,,0
6029,'1495832',759,,1802,18,0,5,0
6029,'1495833',836,,1803,18,,,0
6029,'1495846',1519,,1810,18,0,5,0
6029,'1495847',1556,,1811,18,,,0
6029,'1495848',1639,,1812,18,0,5,0
6029,'1495849',1716,,1813,18,,,0
6029,'1495850',1759,,1814,18,0,5,0
