30005019,'1495118',712,,2168,12,,,0
30005019,'1495120',812,,2169,12,,,0
30005019,'1495122',912,,2170,12,,,0
30005019,'1495124',1012,,2171,12,,,0
30005019,'1495126',1112,,2172,12,,,0
30005019,'1495128',1212,,2173,12,,,0
30005019,'1495130',1312,,2174,12,,,0
30005019,'1495132',1412,,2175,12,,,0
30005019,'1495134',1512,,2176,12,,,0
30005019,'1495136',1612,,2177,12,,,0
30005019,'1495138',1712,,2178,12,,,0
30005019,'1495140',1812,,2179,12,,,0
30005019,'1495142',1912,,2180,12,,,0
30005019,'1495144',2012,,2181,12,,,0
30005019,'1495146',2112,,2182,12,,,0
30005019,'1495385',612,,2183,12,,,0
30005019,'1495387',712,,2184,12,,,0
30005019,'1495389',812,,2185,12,,,0
30005019,'1495391',912,,2186,12,,,0
30005019,'1495393',1012,,2187,12,,,0
30005019,'1495395',1112,,2188,12,,,0
30005019,'1495397',1212,,2189,12,,,0
30005019,'1495399',1312,,2190,12,,,0
30005019,'1495401',1412,,2191,12,,,0
30005019,'1495403',1512,,2192,12,,,0
30005019,'1495405',1612,,2193,12,,,0
30005019,'1495407',1712,,2194,12,,,0
30005019,'1495409',1812,,2195,12,,,0
30005019,'1495411',1912,,2196,12,,,0
30005019,'1495413',2012,,2197,12,,,0
30005019,'1495415',2112,,2198,12,,,0
30005019,'1495417',2212,,2199,12,,,0
30005019,'1495760',1912,,2200,12,,,0
30005019,'1495762',2012,,2201,12,,,0
30005019,'1495764',2112,,2202,12,,,0
30005019,'1495766',2212,,2203,12,,,0
30005019,'1495768',512,,2204,12,,,0
30005019,'1495770',612,,2205,12,,,0
30005019,'1495772',712,,2206,12,,,0
30005019,'1495773',742,,2207,12,,,0
30005019,'1495774',812,,2208,12,,,0
30005019,'1495775',842,,2209,12,,,0
30005019,'1495776',912,,2210,12,,,0
30005019,'1495777',942,,2211,12,,,0
30005019,'1495778',1012,,2212,12,,,0
30005019,'1495779',1042,,2213,12,,,0
30005019,'1495780',1112,,2214,12,,,0
30005019,'1495781',1142,,2215,12,,,0
30005019,'1495782',1212,,2216,12,,,0
30005019,'1495783',1242,,2217,12,,,0
30005019,'1495784',1312,,2218,12,,,0
30005019,'1495785',1342,,2219,12,,,0
30005019,'1495786',1412,,2220,12,,,0
30005019,'1495787',1442,,2221,12,,,0
30005019,'1495788',1512,,2222,12,,,0
30005019,'1495789',1542,,2223,12,,,0
30005019,'1495790',1612,,2224,12,,,0
30005019,'1495791',1642,,2225,12,,,0
30005019,'1495792',1712,,2226,12,,,0
30005019,'1495793',1742,,2227,12,,,0
30005019,'1495794',1812,,2228,12,,,0
30005019,'1495795',1842,,2229,12,,,0
