4019,'1495085',735,,1604,15,,,0
4019,'1495088',855,,1605,15,,,0
4019,'1495091',1015,,1606,15,,,0
4019,'1495094',1135,,1607,15,,,0
4019,'1495097',1255,,1608,15,,,0
4019,'1495100',1415,,1609,15,,,0
4019,'1495103',1535,,1610,15,,,0
4019,'1495106',1655,,1611,15,,,0
4019,'1495109',1815,,1612,15,,,0
4019,'1495112',1935,,1613,15,,,0
4019,'1495115',2055,,1614,15,,,0
4019,'1495345',615,,1615,15,,,0
4019,'1495348',735,,1616,15,,,0
4019,'1495351',855,,1617,15,,,0
4019,'1495354',1015,,1618,15,,,0
4019,'1495357',1135,,1619,15,,,0
4019,'1495360',1255,,1620,15,,,0
4019,'1495363',1415,,1621,15,,,0
4019,'1495366',1535,,1622,15,,,0
4019,'1495369',1655,,1623,15,,,0
4019,'1495372',1815,,1624,15,,,0
4019,'1495375',1935,,1625,15,,,0
4019,'1495378',2055,,1626,15,,,0
4019,'1495381',2215,,1627,15,,,0
4019,'1495383',2255,,1628,15,,,0
4019,'1495685',555,,1629,15,,,0
4019,'1495687',635,,1630,15,,,0
4019,'1495689',715,,1631,15,,,0
4019,'1495691',755,,1632,15,,,0
4019,'1495693',835,,1633,15,,,0
4019,'1495695',915,,1634,15,,,0
4019,'1495697',955,,1635,15,,,0
4019,'1495699',1035,,1636,15,,,0
4019,'1495701',1115,,1637,15,,,0
4019,'1495703',1155,,1638,15,,,0
4019,'1495705',1235,,1639,15,,,0
4019,'1495707',1315,,1640,15,,,0
4019,'1495709',1355,,1641,15,,,0
4019,'1495711',1435,,1642,15,,,0
4019,'1495713',1515,,1643,15,,,0
4019,'1495715',1555,,1644,15,,,0
4019,'1495717',1635,,1645,15,,,0
4019,'1495719',1715,,1646,15,,,0
4019,'1495721',1755,,1647,15,,,0
4019,'1495723',1835,,1648,15,,,0
4019,'1495725',1915,,1649,15,,,0
4019,'1495727',1955,,1650,15,,,0
4019,'1495729',2035,,1651,15,,,0
4019,'1495731',2115,,1652,15,,,0
4019,'1495734',2235,,1653,15,,,0
140000019,'1495223',2309,,2230,46,,,0
140000019,'1495507',2409,,2231,46,,,0
140000019,'1495910',2409,,2232,46,,,0
