4029,'1495086',753,,1654,7,,,0
4029,'1495089',913,,1655,7,,,0
4029,'1495092',1033,,1656,7,,,0
4029,'1495095',1153,,1657,7,,,0
4029,'1495098',1313,,1658,7,,,0
4029,'1495101',1433,,1659,7,,,0
4029,'1495104',1553,,1660,7,,,0
4029,'1495107',1713,,1661,7,,,0
4029,'1495110',1833,,1662,7,,,0
4029,'1495113',1953,,1663,7,,,0
4029,'1495116',2113,,1664,7,,,0
4029,'1495346',633,,1665,7,,,0
4029,'1495349',753,,1666,7,,,0
4029,'1495352',913,,1667,7,,,0
4029,'1495355',1033,,1668,7,,,0
4029,'1495358',1153,,1669,7,,,0
4029,'1495361',1313,,1670,7,,,0
4029,'1495364',1433,,1671,7,,,0
4029,'1495367',1553,,1672,7,,,0
4029,'1495370',1713,,1673,7,,,0
4029,'1495373',1833,,1674,7,,,0
4029,'1495376',1953,,1675,7,,,0
4029,'1495379',2113,,1676,7,,,0
4029,'1495382',2233,,1677,7,,,0
4029,'1495384',2313,,1678,7,,,0
4029,'1495686',613,,1679,7,,,0
4029,'1495688',653,,1680,7,,,0
4029,'1495690',733,,1681,7,,,0
4029,'1495692',813,,1682,7,,,0
4029,'1495694',853,,1683,7,,,0
4029,'1495696',933,,1684,7,,,0
4029,'1495698',1013,,1685,7,,,0
4029,'1495700',1053,,1686,7,,,0
4029,'1495702',1133,,1687,7,,,0
4029,'1495704',1213,,1688,7,,,0
4029,'1495706',1253,,1689,7,,,0
4029,'1495708',1333,,1690,7,,,0
4029,'1495710',1413,,1691,7,,,0
4029,'1495712',1453,,1692,7,,,0
4029,'1495714',1533,,1693,7,,,0
4029,'1495716',1613,,1694,7,,,0
4029,'1495718',1653,,1695,7,,,0
4029,'1495720',1733,,1696,7,,,0
4029,'1495722',1813,,1697,7,,,0
4029,'1495724',1853,,1698,7,,,0
4029,'1495726',1933,,1699,7,,,0
4029,'1495728',2013,,1700,7,,,0
4029,'1495730',2053,,1701,7,,,0
4029,'1495732',2133,,1702,7,,,0
4029,'1495735',2253,,1703,7,,,0
