6029,'1495148',702,,1736,4,,,0
6029,'1495150',822,,1738,4,,,0
6029,'1495152',932,,1739,4,,,0
6029,'1495154',1032,,1740,4,,,0
6029,'1495156',1132,,1741,4,,,0
6029,'1495158',1232,,1742,4,,,0
6029,'1495160',1332,,1743,4,,,0
6029,'1495162',1432,,1744,4,,,0
6029,'1495164',1542,,1746,4,,,0
6029,'1495166',1702,,1748,4,,,0
6029,'1495168',1822,,1750,4,,,0
6029,'1495170',1942,,1752,4,,,0
6029,'1495172',2102,,1753,4,,,0
6029,'1495419',602,,1754,4,,,0
6029,'1495421',722,,1756,4,,,0
6029,'1495423',832,,1757,4,,,0
6029,'1495425',932,,1758,4,,,0
6029,'1495427',1032,,1759,4,,,0
6029,'1495429',1132,,1760,4,,,0
6029,'1495431',1232,,1761,4,,,0
6029,'1495433',1332,,1762,4,,,0
6029,'1495435',1442,,1764,4,,,0
6029,'1495437',1602,,1766,4,,,0
6029,'1495439',1722,,1768,4,,,0
6029,'1495441',1842,,1770,4,,,0
6029,'1495443',2002,,1772,4,,,0
6029,'1495445',2102,,1773,4,,,0
6029,'1495447',2202,,1774,4,,,0
6029,'1495796',502,,1775,4,,,0
6029,'1495798',622,,1777,4,,,0
6029,'1495800',742,,1779,4,,,0
6029,'1495802',902,,1781,4,,,0
6029,'1495804',1002,,1782,4,,,0
6029,'1495806',1102,,1783,4,,,0
6029,'1495808',1202,,1784,4,,,0
6029,'1495810',1302,,1785,4,,,0
6029,'1495812',1402,,1786,4,,,0
6029,'1495814',1502,,1787,4,,,0
6029,'1495816',1622,,1789,4,,,0
6029,'1495818',1742,,1791,4,,,0
6029,'1495820',1902,,1793,4,,,0
6029,'1495822',2032,,1795,4,,,0
6029,'1495824',2132,,1796,4,,,0
6029,'1495826',2232,,1797,4,,,0
6029,'1495829',542,,1799,4,,,0
6029,'1495831',702,,1801,4,,,0
6029,'1495833',822,,1803,4,,,0
6029,'1495835',932,,1804,4,,,0
6029,'1495837',1032,,1805,4,,,0
6029,'1495839',1132,,1806,4,,,0
6029,'1495841',1232,,1807,4,,,0
6029,'1495843',1332,,1808,4,,,0
6029,'1495845',1432,,1809,4,,,0
6029,'1495847',1542,,1811,4,,,0
6029,'1495849',1702,,1813,4,,,0
