10003019,'1495063',806,,2007,6,,,0
10003019,'1495065',906,,2008,6,,,0
10003019,'1495067',1006,,2009,6,,,0
10003019,'1495069',1106,,2010,6,,,0
10003019,'1495071',1206,,2011,6,,,0
10003019,'1495073',1306,,2012,6,,,0
10003019,'1495075',1406,,2013,6,,,0
10003019,'1495077',1506,,2014,6,,,0
10003019,'1495079',1606,,2015,6,,,0
10003019,'1495081',1706,,2016,6,,,0
10003019,'1495083',1806,,2017,6,,,0
10003019,'1495213',1906,,2018,6,,,0
10003019,'1495219',2106,,2019,6,,,0
10003019,'1495317',806,,2020,6,,,0
10003019,'1495319',906,,2021,6,,,0
10003019,'1495321',1006,,2022,6,,,0
10003019,'1495323',1106,,2023,6,,,0
10003019,'1495325',1206,,2024,6,,,0
10003019,'1495327',1306,,2025,6,,,0
10003019,'1495329',1406,,2026,6,,,0
10003019,'1495331',1506,,2027,6,,,0
10003019,'1495333',1606,,2028,6,,,0
10003019,'1495335',1706,,2029,6,,,0
10003019,'1495337',1806,,2030,6,,,0
10003019,'1495339',1906,,2031,6,,,0
10003019,'1495341',2006,,2032,6,,,0
10003019,'1495343',2106,,2033,6,,,0
10003019,'1495451',706,,2034,6,,,0
10003019,'1495630',636,,2035,6,,,0
10003019,'1495632',736,,2036,6,,,0
10003019,'1495633',806,,2037,6,,,0
10003019,'1495634',836,,2038,6,,,0
10003019,'1495635',906,,2039,6,,,0
10003019,'1495636',936,,2040,6,,,0
10003019,'1495637',1006,,2041,6,,,0
10003019,'1495638',1036,,2042,6,,,0
10003019,'1495639',1106,,2043,6,,,0
10003019,'1495640',1136,,2044,6,,,0
10003019,'1495641',1206,,2045,6,,,0
10003019,'1495642',1236,,2046,6,,,0
10003019,'1495643',1306,,2047,6,,,0
10003019,'1495644',1336,,2048,6,,,0
10003019,'1495646',1436,,2049,6,,,0
10003019,'1495648',1536,,2050,6,,,0
10003019,'1495650',1636,,2051,6,,,0
10003019,'1495652',1736,,2052,6,,,0
10003019,'1495654',1836,,2053,6,,,0
10003019,'1495656',1936,,2054,6,,,0
10003019,'1495658',2036,,2055,6,,,0
10003019,'1495660',2136,,2056,6,,,0
140000019,'1495223',2248,,2230,21,,,0
140000019,'1495507',2348,,2231,21,,,0
140000019,'1495910',2348,,2232,21,,,0
