10003019,'1495063',822,,2007,18,,,0
10003019,'1495065',922,,2008,18,,,0
10003019,'1495067',1022,,2009,18,,,0
10003019,'1495069',1122,,2010,18,,,0
10003019,'1495071',1222,,2011,18,,,0
10003019,'1495073',1322,,2012,18,,,0
10003019,'1495075',1422,,2013,18,,,0
10003019,'1495077',1522,,2014,18,,,0
10003019,'1495079',1622,,2015,18,,,0
10003019,'1495081',1722,,2016,18,,,0
10003019,'1495083',1822,,2017,18,,,0
10003019,'1495213',1922,,2018,18,,,0
10003019,'1495219',2122,,2019,18,,,0
10003019,'1495317',822,,2020,18,,,0
10003019,'1495319',922,,2021,18,,,0
10003019,'1495321',1022,,2022,18,,,0
10003019,'1495323',1122,,2023,18,,,0
10003019,'1495325',1222,,2024,18,,,0
10003019,'1495327',1322,,2025,18,,,0
10003019,'1495329',1422,,2026,18,,,0
10003019,'1495331',1522,,2027,18,,,0
10003019,'1495333',1622,,2028,18,,,0
10003019,'1495335',1722,,2029,18,,,0
10003019,'1495337',1822,,2030,18,,,0
10003019,'1495339',1922,,2031,18,,,0
10003019,'1495341',2022,,2032,18,,,0
10003019,'1495343',2122,,2033,18,,,0
10003019,'1495451',722,,2034,18,,,0
10003019,'1495630',652,,2035,18,,,0
10003019,'1495632',752,,2036,18,,,0
10003019,'1495633',822,,2037,18,,,0
10003019,'1495634',852,,2038,18,,,0
10003019,'1495635',922,,2039,18,,,0
10003019,'1495636',952,,2040,18,,,0
10003019,'1495637',1022,,2041,18,,,0
10003019,'1495638',1052,,2042,18,,,0
10003019,'1495639',1122,,2043,18,,,0
10003019,'1495640',1152,,2044,18,,,0
10003019,'1495641',1222,,2045,18,,,0
10003019,'1495642',1252,,2046,18,,,0
10003019,'1495643',1322,,2047,18,,,0
10003019,'1495644',1352,,2048,18,,,0
10003019,'1495646',1452,,2049,18,,,0
10003019,'1495648',1552,,2050,18,,,0
10003019,'1495650',1652,,2051,18,,,0
10003019,'1495652',1752,,2052,18,,,0
10003019,'1495654',1852,,2053,18,,,0
10003019,'1495656',1952,,2054,18,,,0
10003019,'1495658',2052,,2055,18,,,0
10003019,'1495660',2152,,2056,18,,,0
