8019,'1495087',828,,1960,21,,,0
8019,'1495090',948,,1961,21,,,0
8019,'1495093',1108,,1962,21,,,0
8019,'1495096',1228,,1963,21,,,0
8019,'1495099',1348,,1964,21,,,0
8019,'1495102',1508,,1965,21,,,0
8019,'1495105',1628,,1966,21,,,0
8019,'1495108',1748,,1967,21,,,0
8019,'1495111',1908,,1968,21,,,0
8019,'1495114',2028,,1969,21,,,0
8019,'1495117',2148,,1970,21,,,0
8019,'1495190',1148,,1971,21,,,0
8019,'1495347',708,,1972,21,,,0
8019,'1495350',828,,1973,21,,,0
8019,'1495353',948,,1974,21,,,0
8019,'1495356',1108,,1975,21,,,0
8019,'1495359',1228,,1976,21,,,0
8019,'1495362',1348,,1977,21,,,0
8019,'1495365',1508,,1978,21,,,0
8019,'1495368',1628,,1979,21,,,0
8019,'1495371',1748,,1980,21,,,0
8019,'1495374',1908,,1981,21,,,0
8019,'1495377',2028,,1982,21,,,0
8019,'1495380',2148,,1983,21,,,0
8019,'1495733',2208,,1984,21,,,0
8019,'1495911',648,,1985,21,,,0
8019,'1495912',728,,1986,21,,,0
8019,'1495913',808,,1987,21,,,0
8019,'1495914',848,,1988,21,,,0
8019,'1495915',928,,1989,21,,,0
8019,'1495916',1008,,1990,21,,,0
8019,'1495917',1048,,1991,21,,,0
8019,'1495918',1128,,1992,21,,,0
8019,'1495919',1208,,1993,21,,,0
8019,'1495920',1248,,1994,21,,,0
8019,'1495921',1328,,1995,21,,,0
8019,'1495922',1408,,1996,21,,,0
8019,'1495923',1448,,1997,21,,,0
8019,'1495924',1528,,1998,21,,,0
8019,'1495925',1608,,1999,21,,,0
8019,'1495926',1648,,2000,21,,,0
8019,'1495927',1728,,2001,21,,,0
8019,'1495928',1808,,2002,21,,,0
8019,'1495929',1848,,2003,21,,,0
8019,'1495930',1928,,2004,21,,,0
8019,'1495931',2008,,2005,21,,,0
8019,'1495932',2048,,2006,21,,,0
