30003019,'1495062',745,,2119,11,,,0
30003019,'1495064',845,,2120,11,,,0
30003019,'1495066',945,,2121,11,,,0
30003019,'1495068',1045,,2122,11,,,0
30003019,'1495070',1145,,2123,11,,,0
30003019,'1495072',1245,,2124,11,,,0
30003019,'1495074',1345,,2125,11,,,0
30003019,'1495076',1445,,2126,11,,,0
30003019,'1495078',1545,,2127,11,,,0
30003019,'1495080',1645,,2128,11,,,0
30003019,'1495082',1745,,2129,11,,,0
30003019,'1495084',1845,,2130,11,,,0
30003019,'1495216',2015,,2131,11,,,0
30003019,'1495316',745,,2132,11,,,0
30003019,'1495318',845,,2133,11,,,0
30003019,'1495320',945,,2134,11,,,0
30003019,'1495322',1045,,2135,11,,,0
30003019,'1495324',1145,,2136,11,,,0
30003019,'1495326',1245,,2137,11,,,0
30003019,'1495328',1345,,2138,11,,,0
30003019,'1495330',1445,,2139,11,,,0
30003019,'1495332',1545,,2140,11,,,0
30003019,'1495334',1645,,2141,11,,,0
30003019,'1495336',1745,,2142,11,,,0
30003019,'1495338',1845,,2143,11,,,0
30003019,'1495340',1945,,2144,11,,,0
30003019,'1495342',2045,,2145,11,,,0
30003019,'1495344',2145,,2146,11,,,0
30003019,'1495631',715,,2147,11,,,0
30003019,'1495645',1415,,2148,11,,,0
30003019,'1495647',1515,,2149,11,,,0
30003019,'1495649',1615,,2150,11,,,0
30003019,'1495651',1715,,2151,11,,,0
30003019,'1495653',1815,,2152,11,,,0
30003019,'1495655',1915,,2153,11,,,0
30003019,'1495657',2015,,2154,11,,,0
30003019,'1495659',2115,,2155,11,,,0
30003019,'1495661',2215,,2156,11,,,0
30003019,'1495662',830,,2157,11,,,0
30003019,'1495663',900,,2158,11,,,0
30003019,'1495664',930,,2159,11,,,0
30003019,'1495665',1000,,2160,11,,,0
30003019,'1495666',1030,,2161,11,,,0
30003019,'1495667',1100,,2162,11,,,0
30003019,'1495668',1130,,2163,11,,,0
30003019,'1495669',1200,,2164,11,,,0
30003019,'1495670',1230,,2165,11,,,0
30003019,'1495671',1300,,2166,11,,,0
30003019,'1495672',1330,,2167,11,,,0
