1019,'1494978',1000,,1278,1,,,0
1019,'1494980',1030,,1279,1,,,0
1019,'1494982',1100,,1280,1,,,0
1019,'1494984',1140,,1281,1,,,0
1019,'1494986',1220,,1282,1,,,0
1019,'1494988',1300,,1283,1,,,0
1019,'1494990',1340,,1284,1,,,0
1019,'1494992',1420,,1285,1,,,0
1019,'1494994',1500,,1286,1,,,0
1019,'1494996',1540,,1287,1,,,0
1019,'1494998',1620,,1288,1,,,0
1019,'1495000',1700,,1289,1,,,0
1019,'1495002',1730,,1290,1,,,0
1019,'1495004',1800,,1291,1,,,0
1019,'1495046',1830,,1292,1,,,0
1019,'1495050',1930,,1293,1,,,0
1019,'1495054',2030,,1294,1,,,0
1019,'1495058',2130,,1295,1,,,0
1019,'1495176',730,,1296,1,,,0
1019,'1495180',830,,1297,1,,,0
1019,'1495184',930,,1298,1,,,0
1019,'1495224',600,,1299,1,,,0
1019,'1495228',700,,1300,1,,,0
1019,'1495284',900,,1301,1,,,0
1019,'1495286',930,,1302,1,,,0
1019,'1495288',1000,,1303,1,,,0
1019,'1495290',1030,,1304,1,,,0
1019,'1495292',1100,,1305,1,,,0
1019,'1495294',1140,,1306,1,,,0
1019,'1495296',1220,,1307,1,,,0
1019,'1495298',1300,,1308,1,,,0
1019,'1495300',1340,,1309,1,,,0
1019,'1495302',1420,,1310,1,,,0
1019,'1495304',1500,,1311,1,,,0
1019,'1495306',1540,,1312,1,,,0
1019,'1495308',1620,,1313,1,,,0
1019,'1495310',1700,,1314,1,,,0
1019,'1495312',1740,,1315,1,,,0
1019,'1495314',1820,,1316,1,,,0
1019,'1495454',800,,1317,1,,,0
1019,'1495490',1900,,1318,1,,,0
1019,'1495494',2000,,1319,1,,,0
1019,'1495498',2100,,1320,1,,,0
1019,'1495502',2200,,1321,1,,,0
1019,'1495508',600,,1322,1,,,0
1019,'1495510',630,,1323,1,,,0
1019,'1495512',700,,1324,1,,,0
1019,'1495514',730,,1325,1,,,0
1019,'1495516',800,,1326,1,,,0
1019,'1495518',830,,1327,1,,,0
1019,'1495520',900,,1328,1,,,0
1019,'1495522',930,,1329,1,,,0
1019,'1495524',1000,,1330,1,,,0
1019,'1495526',1030,,1331,1,,,0
1019,'1495528',1100,,1332,1,,,0
1019,'1495530',1140,,1333,1,,,0
1019,'1495532',1220,,1334,1,,,0
1019,'1495534',1300,,1335,1,,,0
1019,'1495536',1340,,1336,1,,,0
1019,'1495538',1420,,1337,1,,,0
1019,'1495540',1500,,1338,1,,,0
1019,'1495542',1540,,1339,1,,,0
1019,'1495544',1620,,1340,1,,,0
1019,'1495546',1700,,1341,1,,,0
1019,'1495548',1740,,1342,1,,,0
1019,'1495550',1820,,1343,1,,,0
1019,'1495552',1900,,1344,1,,,0
1019,'1495554',1930,,1345,1,,,0
1019,'1495556',2000,,1346,1,,,0
1019,'1495558',2030,,1347,1,,,0
1019,'1495560',2100,,1348,1,,,0
1019,'1495562',2130,,1349,1,,,0
1019,'1495564',2200,,1350,1,,,0
1019,'1495568',2300,,1351,1,,,0
1029,'1494979',1028,,1352,11,4,,0
1029,'1494981',1058,,1353,11,4,,0
1029,'1494983',1138,,1354,11,4,,0
1029,'1494985',1218,,1355,11,4,,0
1029,'1494987',1258,,1356,11,4,,0
1029,'1494989',1338,,1357,11,4,,0
1029,'1494991',1418,,1358,11,4,,0
1029,'1494993',1458,,1359,11,4,,0
1029,'1494995',1538,,1360,11,4,,0
1029,'1494997',1618,,1361,11,4,,0
1029,'1494999',1658,,1362,11,4,,0
1029,'1495001',1728,,1363,11,4,,0
1029,'1495003',1758,,1364,11,4,,0
1029,'1495005',1828,,1365,11,4,,0
1029,'1495047',1858,,1366,11,4,,0
1029,'1495051',1958,,1367,11,4,,0
1029,'1495055',2058,,1368,11,4,,0
1029,'1495059',2158,,1369,11,4,,0
1029,'1495177',758,,1370,11,4,,0
1029,'1495181',858,,1371,11,4,,0
1029,'1495185',958,,1372,11,4,,0
1029,'1495225',628,,1373,11,4,,0
1029,'1495229',728,,1374,11,4,,0
1029,'1495285',928,,1375,11,4,,0
1029,'1495287',958,,1376,11,4,,0
1029,'1495289',1028,,1377,11,4,,0
1029,'1495291',1058,,1378,11,4,,0
1029,'1495293',1138,,1379,11,4,,0
1029,'1495295',1218,,1380,11,4,,0
1029,'1495297',1258,,1381,11,4,,0
1029,'1495299',1338,,1382,11,4,,0
1029,'1495301',1418,,1383,11,4,,0
1029,'1495303',1458,,1384,11,4,,0
1029,'1495305',1538,,1385,11,4,,0
1029,'1495307',1618,,1386,11,4,,0
1029,'1495309',1658,,1387,11,4,,0
1029,'1495311',1738,,1388,11,4,,0
1029,'1495313',1818,,1389,11,4,,0
1029,'1495315',1858,,1390,11,4,,0
1029,'1495455',828,,1391,11,4,,0
1029,'1495491',1928,,1392,11,4,,0
1029,'1495495',2028,,1393,11,4,,0
1029,'1495499',2128,,1394,11,4,,0
1029,'1495503',2228,,1395,11,4,,0
1029,'1495509',628,,1396,11,4,,0
1029,'1495511',658,,1397,11,4,,0
1029,'1495513',728,,1398,11,4,,0
1029,'1495515',758,,1399,11,4,,0
1029,'1495517',828,,1400,11,4,,0
1029,'1495519',858,,1401,11,4,,0
1029,'1495521',928,,1402,11,4,,0
1029,'1495523',958,,1403,11,4,,0
1029,'1495525',1028,,1404,11,4,,0
1029,'1495527',1058,,1405,11,4,,0
1029,'1495529',1138,,1406,11,4,,0
1029,'1495531',1218,,1407,11,4,,0
1029,'1495533',1258,,1408,11,4,,0
1029,'1495535',1338,,1409,11,4,,0
1029,'1495537',1418,,1410,11,4,,0
1029,'1495539',1458,,1411,11,4,,0
1029,'1495541',1538,,1412,11,4,,0
1029,'1495543',1618,,1413,11,4,,0
1029,'1495545',1658,,1414,11,4,,0
1029,'1495547',1738,,1415,11,4,,0
1029,'1495549',1818,,1416,11,4,,0
1029,'1495551',1858,,1417,11,4,,0
1029,'1495553',1928,,1418,11,4,,0
1029,'1495555',1958,,1419,11,4,,0
1029,'1495557',2028,,1420,11,4,,0
1029,'1495559',2058,,1421,11,4,,0
1029,'1495561',2128,,1422,11,4,,0
1029,'1495563',2158,,1423,11,4,,0
1029,'1495565',2228,,1424,11,4,,0
1029,'1495569',2328,,1425,11,4,,0
140000019,'1495223',2256,,2230,31,,,0
140000019,'1495507',2356,,2231,31,,,0
140000019,'1495910',2356,,2232,31,,,0
