7019,'1495175',724,,1815,6,,,0
7019,'1495179',824,,1816,6,,,0
7019,'1495183',924,,1817,6,,,0
7019,'1495187',1032,,1818,6,,,0
7019,'1495189',1112,,1819,6,,,0
7019,'1495192',1232,,1820,6,,,0
7019,'1495194',1312,,1821,6,,,0
7019,'1495196',1352,,1822,6,,,0
7019,'1495198',1432,,1823,6,,,0
7019,'1495200',1512,,1824,6,,,0
7019,'1495202',1552,,1825,6,,,0
7019,'1495204',1632,,1826,6,,,0
7019,'1495206',1712,,1827,6,,,0
7019,'1495208',1752,,1828,6,,,0
7019,'1495210',1824,,1829,6,,,0
7019,'1495212',1854,,1830,6,,,0
7019,'1495215',1954,,1831,6,,,0
7019,'1495218',2054,,1832,6,,,0
7019,'1495221',2154,,1833,6,,,0
7019,'1495450',654,,1834,6,,,0
7019,'1495453',754,,1835,6,,,0
7019,'1495457',854,,1836,6,,,0
7019,'1495459',924,,1837,6,,,0
7019,'1495461',954,,1838,6,,,0
7019,'1495463',1032,,1839,6,,,0
7019,'1495465',1112,,1840,6,,,0
7019,'1495467',1152,,1841,6,,,0
7019,'1495469',1232,,1842,6,,,0
7019,'1495471',1312,,1843,6,,,0
7019,'1495473',1352,,1844,6,,,0
7019,'1495475',1432,,1845,6,,,0
7019,'1495477',1512,,1846,6,,,0
7019,'1495479',1552,,1847,6,,,0
7019,'1495481',1632,,1848,6,,,0
7019,'1495483',1712,,1849,6,,,0
7019,'1495485',1752,,1850,6,,,0
7019,'1495487',1824,,1851,6,,,0
7019,'1495489',1854,,1852,6,,,0
7019,'1495493',1954,,1853,6,,,0
7019,'1495497',2054,,1854,6,,,0
7019,'1495501',2154,,1855,6,,,0
7019,'1495505',2254,,1856,6,,,0
7019,'1495852',624,,1857,6,,,0
7019,'1495854',654,,1858,6,,,0
7019,'1495856',724,,1859,6,,,0
7019,'1495858',754,,1860,6,,,0
7019,'1495860',824,,1861,6,,,0
7019,'1495862',854,,1862,6,,,0
7019,'1495864',932,,1863,6,,,0
7019,'1495866',1012,,1864,6,,,0
7019,'1495868',1052,,1865,6,,,0
7019,'1495870',1132,,1866,6,,,0
7019,'1495872',1212,,1867,6,,,0
7019,'1495874',1252,,1868,6,,,0
7019,'1495876',1332,,1869,6,,,0
7019,'1495878',1412,,1870,6,,,0
7019,'1495880',1452,,1871,6,,,0
7019,'1495882',1532,,1872,6,,,0
7019,'1495884',1612,,1873,6,,,0
7019,'1495886',1652,,1874,6,,,0
7019,'1495888',1732,,1875,6,,,0
7019,'1495890',1812,,1876,6,,,0
7019,'1495892',1852,,1877,6,,,0
7019,'1495894',1924,,1878,6,,,0
7019,'1495896',1954,,1879,6,,,0
7019,'1495898',2024,,1880,6,,,0
7019,'1495900',2054,,1881,6,,,0
7019,'1495902',2124,,1882,6,,,0
7019,'1495904',2154,,1883,6,,,0
7019,'1495906',2224,,1884,6,,,0
7019,'1495908',2254,,1885,6,,,0
