10005019,'1495119',757,,2057,23,,,0
10005019,'1495121',857,,2058,23,,,0
10005019,'1495123',957,,2059,23,,,0
10005019,'1495125',1057,,2060,23,,,0
10005019,'1495127',1157,,2061,23,,,0
10005019,'1495129',1257,,2062,23,,,0
10005019,'1495131',1357,,2063,23,,,0
10005019,'1495133',1457,,2064,23,,,0
10005019,'1495135',1557,,2065,23,,,0
10005019,'1495137',1657,,2066,23,,,0
10005019,'1495139',1757,,2067,23,,,0
10005019,'1495141',1857,,2068,23,,,0
10005019,'1495143',1957,,2069,23,,,0
10005019,'1495145',2057,,2070,23,,,0
10005019,'1495147',2157,,2071,23,,,0
10005019,'1495386',657,,2072,23,,,0
10005019,'1495388',757,,2073,23,,,0
10005019,'1495390',857,,2074,23,,,0
10005019,'1495392',957,,2075,23,,,0
10005019,'1495394',1057,,2076,23,,,0
10005019,'1495396',1157,,2077,23,,,0
10005019,'1495398',1257,,2078,23,,,0
10005019,'1495400',1357,,2079,23,,,0
10005019,'1495402',1457,,2080,23,,,0
10005019,'1495404',1557,,2081,23,,,0
10005019,'1495406',1657,,2082,23,,,0
10005019,'1495408',1757,,2083,23,,,0
10005019,'1495410',1857,,2084,23,,,0
10005019,'1495412',1957,,2085,23,,,0
10005019,'1495414',2057,,2086,23,,,0
10005019,'1495416',2157,,2087,23,,,0
10005019,'1495418',2257,,2088,23,,,0
10005019,'1495736',727,,2089,23,,,0
10005019,'1495737',757,,2090,23,,,0
10005019,'1495738',827,,2091,23,,,0
10005019,'1495739',857,,2092,23,,,0
10005019,'1495740',927,,2093,23,,,0
10005019,'1495741',957,,2094,23,,,0
10005019,'1495742',1027,,2095,23,,,0
10005019,'1495743',1057,,2096,23,,,0
10005019,'1495744',1127,,2097,23,,,0
10005019,'1495745',1157,,2098,23,,,0
10005019,'1495746',1227,,2099,23,,,0
10005019,'1495747',1257,,2100,23,,,0
10005019,'1495748',1327,,2101,23,,,0
10005019,'1495749',1357,,2102,23,,,0
10005019,'1495750',1427,,2103,23,,,0
10005019,'1495751',1457,,2104,23,,,0
10005019,'1495752',1527,,2105,23,,,0
10005019,'1495753',1557,,2106,23,,,0
10005019,'1495754',1627,,2107,23,,,0
10005019,'1495755',1657,,2108,23,,,0
10005019,'1495756',1727,,2109,23,,,0
10005019,'1495757',1757,,2110,23,,,0
10005019,'1495758',1827,,2111,23,,,0
10005019,'1495759',1857,,2112,23,,,0
10005019,'1495761',1957,,2113,23,,,0
10005019,'1495763',2057,,2114,23,,,0
10005019,'1495765',2157,,2115,23,,,0
10005019,'1495767',2257,,2116,23,,,0
10005019,'1495769',557,,2117,23,,,0
10005019,'1495771',657,,2118,23,,,0
