10003019,'1495063',808,,2007,8,,,0
10003019,'1495065',908,,2008,8,,,0
10003019,'1495067',1008,,2009,8,,,0
10003019,'1495069',1108,,2010,8,,,0
10003019,'1495071',1208,,2011,8,,,0
10003019,'1495073',1308,,2012,8,,,0
10003019,'1495075',1408,,2013,8,,,0
10003019,'1495077',1508,,2014,8,,,0
10003019,'1495079',1608,,2015,8,,,0
10003019,'1495081',1708,,2016,8,,,0
10003019,'1495083',1808,,2017,8,,,0
10003019,'1495213',1908,,2018,8,,,0
10003019,'1495219',2108,,2019,8,,,0
10003019,'1495317',808,,2020,8,,,0
10003019,'1495319',908,,2021,8,,,0
10003019,'1495321',1008,,2022,8,,,0
10003019,'1495323',1108,,2023,8,,,0
10003019,'1495325',1208,,2024,8,,,0
10003019,'1495327',1308,,2025,8,,,0
10003019,'1495329',1408,,2026,8,,,0
10003019,'1495331',1508,,2027,8,,,0
10003019,'1495333',1608,,2028,8,,,0
10003019,'1495335',1708,,2029,8,,,0
10003019,'1495337',1808,,2030,8,,,0
10003019,'1495339',1908,,2031,8,,,0
10003019,'1495341',2008,,2032,8,,,0
10003019,'1495343',2108,,2033,8,,,0
10003019,'1495451',708,,2034,8,,,0
10003019,'1495630',638,,2035,8,,,0
10003019,'1495632',738,,2036,8,,,0
10003019,'1495633',808,,2037,8,,,0
10003019,'1495634',838,,2038,8,,,0
10003019,'1495635',908,,2039,8,,,0
10003019,'1495636',938,,2040,8,,,0
10003019,'1495637',1008,,2041,8,,,0
10003019,'1495638',1038,,2042,8,,,0
10003019,'1495639',1108,,2043,8,,,0
10003019,'1495640',1138,,2044,8,,,0
10003019,'1495641',1208,,2045,8,,,0
10003019,'1495642',1238,,2046,8,,,0
10003019,'1495643',1308,,2047,8,,,0
10003019,'1495644',1338,,2048,8,,,0
10003019,'1495646',1438,,2049,8,,,0
10003019,'1495648',1538,,2050,8,,,0
10003019,'1495650',1638,,2051,8,,,0
10003019,'1495652',1738,,2052,8,,,0
10003019,'1495654',1838,,2053,8,,,0
10003019,'1495656',1938,,2054,8,,,0
10003019,'1495658',2038,,2055,8,,,0
10003019,'1495660',2138,,2056,8,,,0
140000019,'1495223',2250,,2230,23,,,0
140000019,'1495507',2350,,2231,23,,,0
140000019,'1495910',2350,,2232,23,,,0
