8019,'1495087',811,,1960,8,,,0
8019,'1495090',931,,1961,8,,,0
8019,'1495093',1051,,1962,8,,,0
8019,'1495096',1211,,1963,8,,,0
8019,'1495099',1331,,1964,8,,,0
8019,'1495102',1451,,1965,8,,,0
8019,'1495105',1611,,1966,8,,,0
8019,'1495108',1731,,1967,8,,,0
8019,'1495111',1851,,1968,8,,,0
8019,'1495114',2011,,1969,8,,,0
8019,'1495117',2131,,1970,8,,,0
8019,'1495190',1131,,1971,8,,,0
8019,'1495347',651,,1972,8,,,0
8019,'1495350',811,,1973,8,,,0
8019,'1495353',931,,1974,8,,,0
8019,'1495356',1051,,1975,8,,,0
8019,'1495359',1211,,1976,8,,,0
8019,'1495362',1331,,1977,8,,,0
8019,'1495365',1451,,1978,8,,,0
8019,'1495368',1611,,1979,8,,,0
8019,'1495371',1731,,1980,8,,,0
8019,'1495374',1851,,1981,8,,,0
8019,'1495377',2011,,1982,8,,,0
8019,'1495380',2131,,1983,8,,,0
8019,'1495733',2151,,1984,8,,,0
8019,'1495911',631,,1985,8,,,0
8019,'1495912',711,,1986,8,,,0
8019,'1495913',751,,1987,8,,,0
8019,'1495914',831,,1988,8,,,0
8019,'1495915',911,,1989,8,,,0
8019,'1495916',951,,1990,8,,,0
8019,'1495917',1031,,1991,8,,,0
8019,'1495918',1111,,1992,8,,,0
8019,'1495919',1151,,1993,8,,,0
8019,'1495920',1231,,1994,8,,,0
8019,'1495921',1311,,1995,8,,,0
8019,'1495922',1351,,1996,8,,,0
8019,'1495923',1431,,1997,8,,,0
8019,'1495924',1511,,1998,8,,,0
8019,'1495925',1551,,1999,8,,,0
8019,'1495926',1631,,2000,8,,,0
8019,'1495927',1711,,2001,8,,,0
8019,'1495928',1751,,2002,8,,,0
8019,'1495929',1831,,2003,8,,,0
8019,'1495930',1911,,2004,8,,,0
8019,'1495931',1951,,2005,8,,,0
8019,'1495932',2031,,2006,8,,,0
