8019,'1495087',825,,1960,18,,,0
8019,'1495090',945,,1961,18,,,0
8019,'1495093',1105,,1962,18,,,0
8019,'1495096',1225,,1963,18,,,0
8019,'1495099',1345,,1964,18,,,0
8019,'1495102',1505,,1965,18,,,0
8019,'1495105',1625,,1966,18,,,0
8019,'1495108',1745,,1967,18,,,0
8019,'1495111',1905,,1968,18,,,0
8019,'1495114',2025,,1969,18,,,0
8019,'1495117',2145,,1970,18,,,0
8019,'1495190',1145,,1971,18,,,0
8019,'1495347',705,,1972,18,,,0
8019,'1495350',825,,1973,18,,,0
8019,'1495353',945,,1974,18,,,0
8019,'1495356',1105,,1975,18,,,0
8019,'1495359',1225,,1976,18,,,0
8019,'1495362',1345,,1977,18,,,0
8019,'1495365',1505,,1978,18,,,0
8019,'1495368',1625,,1979,18,,,0
8019,'1495371',1745,,1980,18,,,0
8019,'1495374',1905,,1981,18,,,0
8019,'1495377',2025,,1982,18,,,0
8019,'1495380',2145,,1983,18,,,0
8019,'1495733',2205,,1984,18,,,0
8019,'1495911',645,,1985,18,,,0
8019,'1495912',725,,1986,18,,,0
8019,'1495913',805,,1987,18,,,0
8019,'1495914',845,,1988,18,,,0
8019,'1495915',925,,1989,18,,,0
8019,'1495916',1005,,1990,18,,,0
8019,'1495917',1045,,1991,18,,,0
8019,'1495918',1125,,1992,18,,,0
8019,'1495919',1205,,1993,18,,,0
8019,'1495920',1245,,1994,18,,,0
8019,'1495921',1325,,1995,18,,,0
8019,'1495922',1405,,1996,18,,,0
8019,'1495923',1445,,1997,18,,,0
8019,'1495924',1525,,1998,18,,,0
8019,'1495925',1605,,1999,18,,,0
8019,'1495926',1645,,2000,18,,,0
8019,'1495927',1725,,2001,18,,,0
8019,'1495928',1805,,2002,18,,,0
8019,'1495929',1845,,2003,18,,,0
8019,'1495930',1925,,2004,18,,,0
8019,'1495931',2005,,2005,18,,,0
8019,'1495932',2045,,2006,18,,,0
