4029,'1495086',746,,1654,2,,,0
4029,'1495089',906,,1655,2,,,0
4029,'1495092',1026,,1656,2,,,0
4029,'1495095',1146,,1657,2,,,0
4029,'1495098',1306,,1658,2,,,0
4029,'1495101',1426,,1659,2,,,0
4029,'1495104',1546,,1660,2,,,0
4029,'1495107',1706,,1661,2,,,0
4029,'1495110',1826,,1662,2,,,0
4029,'1495113',1946,,1663,2,,,0
4029,'1495116',2106,,1664,2,,,0
4029,'1495346',626,,1665,2,,,0
4029,'1495349',746,,1666,2,,,0
4029,'1495352',906,,1667,2,,,0
4029,'1495355',1026,,1668,2,,,0
4029,'1495358',1146,,1669,2,,,0
4029,'1495361',1306,,1670,2,,,0
4029,'1495364',1426,,1671,2,,,0
4029,'1495367',1546,,1672,2,,,0
4029,'1495370',1706,,1673,2,,,0
4029,'1495373',1826,,1674,2,,,0
4029,'1495376',1946,,1675,2,,,0
4029,'1495379',2106,,1676,2,,,0
4029,'1495382',2226,,1677,2,,,0
4029,'1495384',2306,,1678,2,,,0
4029,'1495686',606,,1679,2,,,0
4029,'1495688',646,,1680,2,,,0
4029,'1495690',726,,1681,2,,,0
4029,'1495692',806,,1682,2,,,0
4029,'1495694',846,,1683,2,,,0
4029,'1495696',926,,1684,2,,,0
4029,'1495698',1006,,1685,2,,,0
4029,'1495700',1046,,1686,2,,,0
4029,'1495702',1126,,1687,2,,,0
4029,'1495704',1206,,1688,2,,,0
4029,'1495706',1246,,1689,2,,,0
4029,'1495708',1326,,1690,2,,,0
4029,'1495710',1406,,1691,2,,,0
4029,'1495712',1446,,1692,2,,,0
4029,'1495714',1526,,1693,2,,,0
4029,'1495716',1606,,1694,2,,,0
4029,'1495718',1646,,1695,2,,,0
4029,'1495720',1726,,1696,2,,,0
4029,'1495722',1806,,1697,2,,,0
4029,'1495724',1846,,1698,2,,,0
4029,'1495726',1926,,1699,2,,,0
4029,'1495728',2006,,1700,2,,,0
4029,'1495730',2046,,1701,2,,,0
4029,'1495732',2126,,1702,2,,,0
4029,'1495735',2246,,1703,2,,,0
