2019,'1495006',707,,1426,10,,,0
2019,'1495008',737,,1427,10,,,0
2019,'1495010',807,,1428,10,,,0
2019,'1495012',837,,1429,10,,,0
2019,'1495014',907,,1430,10,,,0
2019,'1495016',937,,1431,10,,,0
2019,'1495018',1007,,1432,10,,,0
2019,'1495020',1037,,1433,10,,,0
2019,'1495022',1110,,1434,10,,,0
2019,'1495024',1150,,1435,10,,,0
2019,'1495026',1230,,1436,10,,,0
2019,'1495028',1310,,1437,10,,,0
2019,'1495030',1350,,1438,10,,,0
2019,'1495032',1430,,1439,10,,,0
2019,'1495034',1510,,1440,10,,,0
2019,'1495036',1550,,1441,10,,,0
2019,'1495038',1630,,1442,10,,,0
2019,'1495040',1707,,1443,10,,,0
2019,'1495042',1737,,1444,10,,,0
2019,'1495044',1807,,1445,10,,,0
2019,'1495048',1907,,1446,10,,,0
2019,'1495052',2007,,1447,10,,,0
2019,'1495056',2107,,1448,10,,,0
2019,'1495060',2207,,1449,10,,,0
2019,'1495226',637,,1450,10,,,0
2019,'1495230',737,,1451,10,,,0
2019,'1495232',807,,1452,10,,,0
2019,'1495234',837,,1453,10,,,0
2019,'1495236',907,,1454,10,,,0
2019,'1495238',937,,1455,10,,,0
2019,'1495240',1007,,1456,10,,,0
2019,'1495242',1037,,1457,10,,,0
2019,'1495244',1110,,1458,10,,,0
2019,'1495246',1150,,1459,10,,,0
2019,'1495248',1230,,1460,10,,,0
2019,'1495250',1310,,1461,10,,,0
2019,'1495252',1350,,1462,10,,,0
2019,'1495254',1430,,1463,10,,,0
2019,'1495256',1510,,1464,10,,,0
2019,'1495258',1550,,1465,10,,,0
2019,'1495260',1630,,1466,10,,,0
2019,'1495262',1710,,1467,10,,,0
2019,'1495264',1750,,1468,10,,,0
2019,'1495266',1830,,1469,10,,,0
2019,'1495268',1907,,1470,10,,,0
2019,'1495270',1937,,1471,10,,,0
2019,'1495272',2007,,1472,10,,,0
2019,'1495274',2037,,1473,10,,,0
2019,'1495276',2107,,1474,10,,,0
2019,'1495278',2137,,1475,10,,,0
2019,'1495280',2207,,1476,10,,,0
2019,'1495282',2237,,1477,10,,,0
2019,'1495566',2237,,1478,10,,,0
2019,'1495570',507,,1479,10,,,0
2019,'1495572',537,,1480,10,,,0
2019,'1495574',607,,1481,10,,,0
2019,'1495576',637,,1482,10,,,0
2019,'1495578',707,,1483,10,,,0
2019,'1495580',737,,1484,10,,,0
2019,'1495582',807,,1485,10,,,0
2019,'1495584',837,,1486,10,,,0
2019,'1495586',907,,1487,10,,,0
2019,'1495588',937,,1488,10,,,0
2019,'1495590',1007,,1489,10,,,0
2019,'1495592',1037,,1490,10,,,0
2019,'1495594',1110,,1491,10,,,0
2019,'1495596',1150,,1492,10,,,0
2019,'1495598',1230,,1493,10,,,0
2019,'1495600',1310,,1494,10,,,0
2019,'1495602',1350,,1495,10,,,0
2019,'1495604',1430,,1496,10,,,0
2019,'1495606',1510,,1497,10,,,0
2019,'1495608',1550,,1498,10,,,0
2019,'1495610',1630,,1499,10,,,0
2019,'1495612',1710,,1500,10,,,0
2019,'1495614',1750,,1501,10,,,0
2019,'1495616',1830,,1502,10,,,0
2019,'1495618',1907,,1503,10,,,0
2019,'1495620',1937,,1504,10,,,0
2019,'1495622',2007,,1505,10,,,0
2019,'1495624',2037,,1506,10,,,0
2019,'1495626',2107,,1507,10,,,0
2019,'1495628',2137,,1508,10,,,0
2019,'1495673',1410,,1509,10,,,0
2019,'1495675',1450,,1510,10,,,0
2019,'1495677',1530,,1511,10,,,0
2019,'1495679',1610,,1512,10,,,0
2019,'1495681',1650,,1513,10,,,0
2019,'1495683',1730,,1514,10,,,0
30003019,'1495062',740,,2119,6,,,0
30003019,'1495064',840,,2120,6,,,0
30003019,'1495066',940,,2121,6,,,0
30003019,'1495068',1040,,2122,6,,,0
30003019,'1495070',1140,,2123,6,,,0
30003019,'1495072',1240,,2124,6,,,0
30003019,'1495074',1340,,2125,6,,,0
30003019,'1495076',1440,,2126,6,,,0
30003019,'1495078',1540,,2127,6,,,0
30003019,'1495080',1640,,2128,6,,,0
30003019,'1495082',1740,,2129,6,,,0
30003019,'1495084',1840,,2130,6,,,0
30003019,'1495216',2010,,2131,6,,,0
30003019,'1495316',740,,2132,6,,,0
30003019,'1495318',840,,2133,6,,,0
30003019,'1495320',940,,2134,6,,,0
30003019,'1495322',1040,,2135,6,,,0
30003019,'1495324',1140,,2136,6,,,0
30003019,'1495326',1240,,2137,6,,,0
30003019,'1495328',1340,,2138,6,,,0
30003019,'1495330',1440,,2139,6,,,0
30003019,'1495332',1540,,2140,6,,,0
30003019,'1495334',1640,,2141,6,,,0
30003019,'1495336',1740,,2142,6,,,0
30003019,'1495338',1840,,2143,6,,,0
30003019,'1495340',1940,,2144,6,,,0
30003019,'1495342',2040,,2145,6,,,0
30003019,'1495344',2140,,2146,6,,,0
30003019,'1495631',710,,2147,6,,,0
30003019,'1495645',1410,,2148,6,,,0
30003019,'1495647',1510,,2149,6,,,0
30003019,'1495649',1610,,2150,6,,,0
30003019,'1495651',1710,,2151,6,,,0
30003019,'1495653',1810,,2152,6,,,0
30003019,'1495655',1910,,2153,6,,,0
30003019,'1495657',2010,,2154,6,,,0
30003019,'1495659',2110,,2155,6,,,0
30003019,'1495661',2210,,2156,6,,,0
30003019,'1495662',825,,2157,6,,,0
30003019,'1495663',855,,2158,6,,,0
30003019,'1495664',925,,2159,6,,,0
30003019,'1495665',955,,2160,6,,,0
30003019,'1495666',1025,,2161,6,,,0
30003019,'1495667',1055,,2162,6,,,0
30003019,'1495668',1125,,2163,6,,,0
30003019,'1495669',1155,,2164,6,,,0
30003019,'1495670',1225,,2165,6,,,0
30003019,'1495671',1255,,2166,6,,,0
30003019,'1495672',1325,,2167,6,,,0
