10003019,'1495063',817,,2007,15,,,0
10003019,'1495065',917,,2008,15,,,0
10003019,'1495067',1017,,2009,15,,,0
10003019,'1495069',1117,,2010,15,,,0
10003019,'1495071',1217,,2011,15,,,0
10003019,'1495073',1317,,2012,15,,,0
10003019,'1495075',1417,,2013,15,,,0
10003019,'1495077',1517,,2014,15,,,0
10003019,'1495079',1617,,2015,15,,,0
10003019,'1495081',1717,,2016,15,,,0
10003019,'1495083',1817,,2017,15,,,0
10003019,'1495213',1917,,2018,15,,,0
10003019,'1495219',2117,,2019,15,,,0
10003019,'1495317',817,,2020,15,,,0
10003019,'1495319',917,,2021,15,,,0
10003019,'1495321',1017,,2022,15,,,0
10003019,'1495323',1117,,2023,15,,,0
10003019,'1495325',1217,,2024,15,,,0
10003019,'1495327',1317,,2025,15,,,0
10003019,'1495329',1417,,2026,15,,,0
10003019,'1495331',1517,,2027,15,,,0
10003019,'1495333',1617,,2028,15,,,0
10003019,'1495335',1717,,2029,15,,,0
10003019,'1495337',1817,,2030,15,,,0
10003019,'1495339',1917,,2031,15,,,0
10003019,'1495341',2017,,2032,15,,,0
10003019,'1495343',2117,,2033,15,,,0
10003019,'1495451',717,,2034,15,,,0
10003019,'1495630',647,,2035,15,,,0
10003019,'1495632',747,,2036,15,,,0
10003019,'1495633',817,,2037,15,,,0
10003019,'1495634',847,,2038,15,,,0
10003019,'1495635',917,,2039,15,,,0
10003019,'1495636',947,,2040,15,,,0
10003019,'1495637',1017,,2041,15,,,0
10003019,'1495638',1047,,2042,15,,,0
10003019,'1495639',1117,,2043,15,,,0
10003019,'1495640',1147,,2044,15,,,0
10003019,'1495641',1217,,2045,15,,,0
10003019,'1495642',1247,,2046,15,,,0
10003019,'1495643',1317,,2047,15,,,0
10003019,'1495644',1347,,2048,15,,,0
10003019,'1495646',1447,,2049,15,,,0
10003019,'1495648',1547,,2050,15,,,0
10003019,'1495650',1647,,2051,15,,,0
10003019,'1495652',1747,,2052,15,,,0
10003019,'1495654',1847,,2053,15,,,0
10003019,'1495656',1947,,2054,15,,,0
10003019,'1495658',2047,,2055,15,,,0
10003019,'1495660',2147,,2056,15,,,0
