30005019,'1495118',708,,2168,8,,,0
30005019,'1495120',808,,2169,8,,,0
30005019,'1495122',908,,2170,8,,,0
30005019,'1495124',1008,,2171,8,,,0
30005019,'1495126',1108,,2172,8,,,0
30005019,'1495128',1208,,2173,8,,,0
30005019,'1495130',1308,,2174,8,,,0
30005019,'1495132',1408,,2175,8,,,0
30005019,'1495134',1508,,2176,8,,,0
30005019,'1495136',1608,,2177,8,,,0
30005019,'1495138',1708,,2178,8,,,0
30005019,'1495140',1808,,2179,8,,,0
30005019,'1495142',1908,,2180,8,,,0
30005019,'1495144',2008,,2181,8,,,0
30005019,'1495146',2108,,2182,8,,,0
30005019,'1495385',608,,2183,8,,,0
30005019,'1495387',708,,2184,8,,,0
30005019,'1495389',808,,2185,8,,,0
30005019,'1495391',908,,2186,8,,,0
30005019,'1495393',1008,,2187,8,,,0
30005019,'1495395',1108,,2188,8,,,0
30005019,'1495397',1208,,2189,8,,,0
30005019,'1495399',1308,,2190,8,,,0
30005019,'1495401',1408,,2191,8,,,0
30005019,'1495403',1508,,2192,8,,,0
30005019,'1495405',1608,,2193,8,,,0
30005019,'1495407',1708,,2194,8,,,0
30005019,'1495409',1808,,2195,8,,,0
30005019,'1495411',1908,,2196,8,,,0
30005019,'1495413',2008,,2197,8,,,0
30005019,'1495415',2108,,2198,8,,,0
30005019,'1495417',2208,,2199,8,,,0
30005019,'1495760',1908,,2200,8,,,0
30005019,'1495762',2008,,2201,8,,,0
30005019,'1495764',2108,,2202,8,,,0
30005019,'1495766',2208,,2203,8,,,0
30005019,'1495768',508,,2204,8,,,0
30005019,'1495770',608,,2205,8,,,0
30005019,'1495772',708,,2206,8,,,0
30005019,'1495773',738,,2207,8,,,0
30005019,'1495774',808,,2208,8,,,0
30005019,'1495775',838,,2209,8,,,0
30005019,'1495776',908,,2210,8,,,0
30005019,'1495777',938,,2211,8,,,0
30005019,'1495778',1008,,2212,8,,,0
30005019,'1495779',1038,,2213,8,,,0
30005019,'1495780',1108,,2214,8,,,0
30005019,'1495781',1138,,2215,8,,,0
30005019,'1495782',1208,,2216,8,,,0
30005019,'1495783',1238,,2217,8,,,0
30005019,'1495784',1308,,2218,8,,,0
30005019,'1495785',1338,,2219,8,,,0
30005019,'1495786',1408,,2220,8,,,0
30005019,'1495787',1438,,2221,8,,,0
30005019,'1495788',1508,,2222,8,,,0
30005019,'1495789',1538,,2223,8,,,0
30005019,'1495790',1608,,2224,8,,,0
30005019,'1495791',1638,,2225,8,,,0
30005019,'1495792',1708,,2226,8,,,0
30005019,'1495793',1738,,2227,8,,,0
30005019,'1495794',1808,,2228,8,,,0
30005019,'1495795',1838,,2229,8,,,0
