2029,'1495007',718,,1515,4,,,0
2029,'1495009',748,,1516,4,,,0
2029,'1495011',818,,1517,4,,,0
2029,'1495013',848,,1518,4,,,0
2029,'1495015',918,,1519,4,,,0
2029,'1495017',948,,1520,4,,,0
2029,'1495019',1018,,1521,4,,,0
2029,'1495021',1048,,1522,4,,,0
2029,'1495023',1124,,1523,4,,,0
2029,'1495025',1204,,1524,4,,,0
2029,'1495027',1244,,1525,4,,,0
2029,'1495029',1324,,1526,4,,,0
2029,'1495031',1404,,1527,4,,,0
2029,'1495033',1444,,1528,4,,,0
2029,'1495035',1524,,1529,4,,,0
2029,'1495037',1604,,1530,4,,,0
2029,'1495039',1644,,1531,4,,,0
2029,'1495041',1718,,1532,4,,,0
2029,'1495043',1748,,1533,4,,,0
2029,'1495045',1818,,1534,4,,,0
2029,'1495049',1918,,1535,4,,,0
2029,'1495053',2018,,1536,4,,,0
2029,'1495057',2118,,1537,4,,,0
2029,'1495061',2218,,1538,4,,,0
2029,'1495227',648,,1539,4,,,0
2029,'1495231',748,,1540,4,,,0
2029,'1495233',818,,1541,4,,,0
2029,'1495235',848,,1542,4,,,0
2029,'1495237',918,,1543,4,,,0
2029,'1495239',948,,1544,4,,,0
2029,'1495241',1018,,1545,4,,,0
2029,'1495243',1048,,1546,4,,,0
2029,'1495245',1124,,1547,4,,,0
2029,'1495247',1204,,1548,4,,,0
2029,'1495249',1244,,1549,4,,,0
2029,'1495251',1324,,1550,4,,,0
2029,'1495253',1404,,1551,4,,,0
2029,'1495255',1444,,1552,4,,,0
2029,'1495257',1524,,1553,4,,,0
2029,'1495259',1604,,1554,4,,,0
2029,'1495261',1644,,1555,4,,,0
2029,'1495263',1724,,1556,4,,,0
2029,'1495265',1804,,1557,4,,,0
2029,'1495267',1844,,1558,4,,,0
2029,'1495269',1918,,1559,4,,,0
2029,'1495271',1948,,1560,4,,,0
2029,'1495273',2018,,1561,4,,,0
2029,'1495275',2048,,1562,4,,,0
2029,'1495277',2118,,1563,4,,,0
2029,'1495279',2148,,1564,4,,,0
2029,'1495281',2218,,1565,4,,,0
2029,'1495283',2248,,1566,4,,,0
2029,'1495567',2248,,1567,4,,,0
2029,'1495571',518,,1568,4,,,0
2029,'1495573',548,,1569,4,,,0
2029,'1495575',618,,1570,4,,,0
2029,'1495577',648,,1571,4,,,0
2029,'1495579',718,,1572,4,,,0
2029,'1495581',748,,1573,4,,,0
2029,'1495583',818,,1574,4,,,0
2029,'1495585',848,,1575,4,,,0
2029,'1495587',918,,1576,4,,,0
2029,'1495589',948,,1577,4,,,0
2029,'1495591',1018,,1578,4,,,0
2029,'1495593',1048,,1579,4,,,0
2029,'1495595',1124,,1580,4,,,0
2029,'1495597',1204,,1581,4,,,0
2029,'1495599',1244,,1582,4,,,0
2029,'1495601',1324,,1583,4,,,0
2029,'1495603',1404,,1584,4,,,0
2029,'1495605',1444,,1585,4,,,0
2029,'1495607',1524,,1586,4,,,0
2029,'1495609',1604,,1587,4,,,0
2029,'1495611',1644,,1588,4,,,0
2029,'1495613',1724,,1589,4,,,0
2029,'1495615',1804,,1590,4,,,0
2029,'1495617',1844,,1591,4,,,0
2029,'1495619',1918,,1592,4,,,0
2029,'1495621',1948,,1593,4,,,0
2029,'1495623',2018,,1594,4,,,0
2029,'1495625',2048,,1595,4,,,0
2029,'1495627',2118,,1596,4,,,0
2029,'1495629',2148,,1597,4,,,0
2029,'1495674',1424,,1598,4,,,0
2029,'1495676',1504,,1599,4,,,0
2029,'1495678',1544,,1600,4,,,0
2029,'1495680',1624,,1601,4,,,0
2029,'1495682',1704,,1602,4,,,0
2029,'1495684',1744,,1603,4,,,0
