8019,'1495087',825,,1960,17,,,0
8019,'1495090',945,,1961,17,,,0
8019,'1495093',1105,,1962,17,,,0
8019,'1495096',1225,,1963,17,,,0
8019,'1495099',1345,,1964,17,,,0
8019,'1495102',1505,,1965,17,,,0
8019,'1495105',1625,,1966,17,,,0
8019,'1495108',1745,,1967,17,,,0
8019,'1495111',1905,,1968,17,,,0
8019,'1495114',2025,,1969,17,,,0
8019,'1495117',2145,,1970,17,,,0
8019,'1495190',1145,,1971,17,,,0
8019,'1495347',705,,1972,17,,,0
8019,'1495350',825,,1973,17,,,0
8019,'1495353',945,,1974,17,,,0
8019,'1495356',1105,,1975,17,,,0
8019,'1495359',1225,,1976,17,,,0
8019,'1495362',1345,,1977,17,,,0
8019,'1495365',1505,,1978,17,,,0
8019,'1495368',1625,,1979,17,,,0
8019,'1495371',1745,,1980,17,,,0
8019,'1495374',1905,,1981,17,,,0
8019,'1495377',2025,,1982,17,,,0
8019,'1495380',2145,,1983,17,,,0
8019,'1495733',2205,,1984,17,,,0
8019,'1495911',645,,1985,17,,,0
8019,'1495912',725,,1986,17,,,0
8019,'1495913',805,,1987,17,,,0
8019,'1495914',845,,1988,17,,,0
8019,'1495915',925,,1989,17,,,0
8019,'1495916',1005,,1990,17,,,0
8019,'1495917',1045,,1991,17,,,0
8019,'1495918',1125,,1992,17,,,0
8019,'1495919',1205,,1993,17,,,0
8019,'1495920',1245,,1994,17,,,0
8019,'1495921',1325,,1995,17,,,0
8019,'1495922',1405,,1996,17,,,0
8019,'1495923',1445,,1997,17,,,0
8019,'1495924',1525,,1998,17,,,0
8019,'1495925',1605,,1999,17,,,0
8019,'1495926',1645,,2000,17,,,0
8019,'1495927',1725,,2001,17,,,0
8019,'1495928',1805,,2002,17,,,0
8019,'1495929',1845,,2003,17,,,0
8019,'1495930',1925,,2004,17,,,0
8019,'1495931',2005,,2005,17,,,0
8019,'1495932',2045,,2006,17,,,0
