30005019,'1495118',711,,2168,11,,,0
30005019,'1495120',811,,2169,11,,,0
30005019,'1495122',911,,2170,11,,,0
30005019,'1495124',1011,,2171,11,,,0
30005019,'1495126',1111,,2172,11,,,0
30005019,'1495128',1211,,2173,11,,,0
30005019,'1495130',1311,,2174,11,,,0
30005019,'1495132',1411,,2175,11,,,0
30005019,'1495134',1511,,2176,11,,,0
30005019,'1495136',1611,,2177,11,,,0
30005019,'1495138',1711,,2178,11,,,0
30005019,'1495140',1811,,2179,11,,,0
30005019,'1495142',1911,,2180,11,,,0
30005019,'1495144',2011,,2181,11,,,0
30005019,'1495146',2111,,2182,11,,,0
30005019,'1495385',611,,2183,11,,,0
30005019,'1495387',711,,2184,11,,,0
30005019,'1495389',811,,2185,11,,,0
30005019,'1495391',911,,2186,11,,,0
30005019,'1495393',1011,,2187,11,,,0
30005019,'1495395',1111,,2188,11,,,0
30005019,'1495397',1211,,2189,11,,,0
30005019,'1495399',1311,,2190,11,,,0
30005019,'1495401',1411,,2191,11,,,0
30005019,'1495403',1511,,2192,11,,,0
30005019,'1495405',1611,,2193,11,,,0
30005019,'1495407',1711,,2194,11,,,0
30005019,'1495409',1811,,2195,11,,,0
30005019,'1495411',1911,,2196,11,,,0
30005019,'1495413',2011,,2197,11,,,0
30005019,'1495415',2111,,2198,11,,,0
30005019,'1495417',2211,,2199,11,,,0
30005019,'1495760',1911,,2200,11,,,0
30005019,'1495762',2011,,2201,11,,,0
30005019,'1495764',2111,,2202,11,,,0
30005019,'1495766',2211,,2203,11,,,0
30005019,'1495768',511,,2204,11,,,0
30005019,'1495770',611,,2205,11,,,0
30005019,'1495772',711,,2206,11,,,0
30005019,'1495773',741,,2207,11,,,0
30005019,'1495774',811,,2208,11,,,0
30005019,'1495775',841,,2209,11,,,0
30005019,'1495776',911,,2210,11,,,0
30005019,'1495777',941,,2211,11,,,0
30005019,'1495778',1011,,2212,11,,,0
30005019,'1495779',1041,,2213,11,,,0
30005019,'1495780',1111,,2214,11,,,0
30005019,'1495781',1141,,2215,11,,,0
30005019,'1495782',1211,,2216,11,,,0
30005019,'1495783',1241,,2217,11,,,0
30005019,'1495784',1311,,2218,11,,,0
30005019,'1495785',1341,,2219,11,,,0
30005019,'1495786',1411,,2220,11,,,0
30005019,'1495787',1441,,2221,11,,,0
30005019,'1495788',1511,,2222,11,,,0
30005019,'1495789',1541,,2223,11,,,0
30005019,'1495790',1611,,2224,11,,,0
30005019,'1495791',1641,,2225,11,,,0
30005019,'1495792',1711,,2226,11,,,0
30005019,'1495793',1741,,2227,11,,,0
30005019,'1495794',1811,,2228,11,,,0
30005019,'1495795',1841,,2229,11,,,0
