30003019,'1495062',744,,2119,10,,,0
30003019,'1495064',844,,2120,10,,,0
30003019,'1495066',944,,2121,10,,,0
30003019,'1495068',1044,,2122,10,,,0
30003019,'1495070',1144,,2123,10,,,0
30003019,'1495072',1244,,2124,10,,,0
30003019,'1495074',1344,,2125,10,,,0
30003019,'1495076',1444,,2126,10,,,0
30003019,'1495078',1544,,2127,10,,,0
30003019,'1495080',1644,,2128,10,,,0
30003019,'1495082',1744,,2129,10,,,0
30003019,'1495084',1844,,2130,10,,,0
30003019,'1495216',2014,,2131,10,,,0
30003019,'1495316',744,,2132,10,,,0
30003019,'1495318',844,,2133,10,,,0
30003019,'1495320',944,,2134,10,,,0
30003019,'1495322',1044,,2135,10,,,0
30003019,'1495324',1144,,2136,10,,,0
30003019,'1495326',1244,,2137,10,,,0
30003019,'1495328',1344,,2138,10,,,0
30003019,'1495330',1444,,2139,10,,,0
30003019,'1495332',1544,,2140,10,,,0
30003019,'1495334',1644,,2141,10,,,0
30003019,'1495336',1744,,2142,10,,,0
30003019,'1495338',1844,,2143,10,,,0
30003019,'1495340',1944,,2144,10,,,0
30003019,'1495342',2044,,2145,10,,,0
30003019,'1495344',2144,,2146,10,,,0
30003019,'1495631',714,,2147,10,,,0
30003019,'1495645',1414,,2148,10,,,0
30003019,'1495647',1514,,2149,10,,,0
30003019,'1495649',1614,,2150,10,,,0
30003019,'1495651',1714,,2151,10,,,0
30003019,'1495653',1814,,2152,10,,,0
30003019,'1495655',1914,,2153,10,,,0
30003019,'1495657',2014,,2154,10,,,0
30003019,'1495659',2114,,2155,10,,,0
30003019,'1495661',2214,,2156,10,,,0
30003019,'1495662',829,,2157,10,,,0
30003019,'1495663',859,,2158,10,,,0
30003019,'1495664',929,,2159,10,,,0
30003019,'1495665',959,,2160,10,,,0
30003019,'1495666',1029,,2161,10,,,0
30003019,'1495667',1059,,2162,10,,,0
30003019,'1495668',1129,,2163,10,,,0
30003019,'1495669',1159,,2164,10,,,0
30003019,'1495670',1229,,2165,10,,,0
30003019,'1495671',1259,,2166,10,,,0
30003019,'1495672',1329,,2167,10,,,0
