2029,'1495007',724,,1515,11,,,0
2029,'1495009',754,,1516,11,,,0
2029,'1495011',824,,1517,11,,,0
2029,'1495013',854,,1518,11,,,0
2029,'1495015',924,,1519,11,,,0
2029,'1495017',954,,1520,11,,,0
2029,'1495019',1024,,1521,11,,,0
2029,'1495021',1054,,1522,11,,,0
2029,'1495023',1133,,1523,11,,,0
2029,'1495025',1213,,1524,11,,,0
2029,'1495027',1253,,1525,11,,,0
2029,'1495029',1333,,1526,11,,,0
2029,'1495031',1413,,1527,11,,,0
2029,'1495033',1453,,1528,11,,,0
2029,'1495035',1533,,1529,11,,,0
2029,'1495037',1613,,1530,11,,,0
2029,'1495039',1653,,1531,11,,,0
2029,'1495041',1724,,1532,11,,,0
2029,'1495043',1754,,1533,11,,,0
2029,'1495045',1824,,1534,11,,,0
2029,'1495049',1924,,1535,11,,,0
2029,'1495053',2024,,1536,11,,,0
2029,'1495057',2124,,1537,11,,,0
2029,'1495061',2224,,1538,11,,,0
2029,'1495227',654,,1539,11,,,0
2029,'1495231',754,,1540,11,,,0
2029,'1495233',824,,1541,11,,,0
2029,'1495235',854,,1542,11,,,0
2029,'1495237',924,,1543,11,,,0
2029,'1495239',954,,1544,11,,,0
2029,'1495241',1024,,1545,11,,,0
2029,'1495243',1054,,1546,11,,,0
2029,'1495245',1133,,1547,11,,,0
2029,'1495247',1213,,1548,11,,,0
2029,'1495249',1253,,1549,11,,,0
2029,'1495251',1333,,1550,11,,,0
2029,'1495253',1413,,1551,11,,,0
2029,'1495255',1453,,1552,11,,,0
2029,'1495257',1533,,1553,11,,,0
2029,'1495259',1613,,1554,11,,,0
2029,'1495261',1653,,1555,11,,,0
2029,'1495263',1733,,1556,11,,,0
2029,'1495265',1813,,1557,11,,,0
2029,'1495267',1853,,1558,11,,,0
2029,'1495269',1924,,1559,11,,,0
2029,'1495271',1954,,1560,11,,,0
2029,'1495273',2024,,1561,11,,,0
2029,'1495275',2054,,1562,11,,,0
2029,'1495277',2124,,1563,11,,,0
2029,'1495279',2154,,1564,11,,,0
2029,'1495281',2224,,1565,11,,,0
2029,'1495283',2254,,1566,11,,,0
2029,'1495567',2254,,1567,11,,,0
2029,'1495571',524,,1568,11,,,0
2029,'1495573',554,,1569,11,,,0
2029,'1495575',624,,1570,11,,,0
2029,'1495577',654,,1571,11,,,0
2029,'1495579',724,,1572,11,,,0
2029,'1495581',754,,1573,11,,,0
2029,'1495583',824,,1574,11,,,0
2029,'1495585',854,,1575,11,,,0
2029,'1495587',924,,1576,11,,,0
2029,'1495589',954,,1577,11,,,0
2029,'1495591',1024,,1578,11,,,0
2029,'1495593',1054,,1579,11,,,0
2029,'1495595',1133,,1580,11,,,0
2029,'1495597',1213,,1581,11,,,0
2029,'1495599',1253,,1582,11,,,0
2029,'1495601',1333,,1583,11,,,0
2029,'1495603',1413,,1584,11,,,0
2029,'1495605',1453,,1585,11,,,0
2029,'1495607',1533,,1586,11,,,0
2029,'1495609',1613,,1587,11,,,0
2029,'1495611',1653,,1588,11,,,0
2029,'1495613',1733,,1589,11,,,0
2029,'1495615',1813,,1590,11,,,0
2029,'1495617',1853,,1591,11,,,0
2029,'1495619',1924,,1592,11,,,0
2029,'1495621',1954,,1593,11,,,0
2029,'1495623',2024,,1594,11,,,0
2029,'1495625',2054,,1595,11,,,0
2029,'1495627',2124,,1596,11,,,0
2029,'1495629',2154,,1597,11,,,0
2029,'1495674',1433,,1598,11,,,0
2029,'1495676',1513,,1599,11,,,0
2029,'1495678',1553,,1600,11,,,0
2029,'1495680',1633,,1601,11,,,0
2029,'1495682',1713,,1602,11,,,0
2029,'1495684',1753,,1603,11,,,0
8019,'1495087',833,,1960,27,,,0
8019,'1495090',953,,1961,27,,,0
8019,'1495093',1113,,1962,27,,,0
8019,'1495096',1233,,1963,27,,,0
8019,'1495099',1353,,1964,27,,,0
8019,'1495102',1513,,1965,27,,,0
8019,'1495105',1633,,1966,27,,,0
8019,'1495108',1753,,1967,27,,,0
8019,'1495111',1913,,1968,27,,,0
8019,'1495114',2033,,1969,27,,,0
8019,'1495117',2153,,1970,27,,,0
8019,'1495190',1153,,1971,27,,,0
8019,'1495347',713,,1972,27,,,0
8019,'1495350',833,,1973,27,,,0
8019,'1495353',953,,1974,27,,,0
8019,'1495356',1113,,1975,27,,,0
8019,'1495359',1233,,1976,27,,,0
8019,'1495362',1353,,1977,27,,,0
8019,'1495365',1513,,1978,27,,,0
8019,'1495368',1633,,1979,27,,,0
8019,'1495371',1753,,1980,27,,,0
8019,'1495374',1913,,1981,27,,,0
8019,'1495377',2033,,1982,27,,,0
8019,'1495380',2153,,1983,27,,,0
8019,'1495733',2213,,1984,27,,,0
8019,'1495911',653,,1985,27,,,0
8019,'1495912',733,,1986,27,,,0
8019,'1495913',813,,1987,27,,,0
8019,'1495914',853,,1988,27,,,0
8019,'1495915',933,,1989,27,,,0
8019,'1495916',1013,,1990,27,,,0
8019,'1495917',1053,,1991,27,,,0
8019,'1495918',1133,,1992,27,,,0
8019,'1495919',1213,,1993,27,,,0
8019,'1495920',1253,,1994,27,,,0
8019,'1495921',1333,,1995,27,,,0
8019,'1495922',1413,,1996,27,,,0
8019,'1495923',1453,,1997,27,,,0
8019,'1495924',1533,,1998,27,,,0
8019,'1495925',1613,,1999,27,,,0
8019,'1495926',1653,,2000,27,,,0
8019,'1495927',1733,,2001,27,,,0
8019,'1495928',1813,,2002,27,,,0
8019,'1495929',1853,,2003,27,,,0
8019,'1495930',1933,,2004,27,,,0
8019,'1495931',2013,,2005,27,,,0
8019,'1495932',2053,,2006,27,,,0
