30005019,'1495118',714,,2168,15,,,0
30005019,'1495120',814,,2169,15,,,0
30005019,'1495122',914,,2170,15,,,0
30005019,'1495124',1014,,2171,15,,,0
30005019,'1495126',1114,,2172,15,,,0
30005019,'1495128',1214,,2173,15,,,0
30005019,'1495130',1314,,2174,15,,,0
30005019,'1495132',1414,,2175,15,,,0
30005019,'1495134',1514,,2176,15,,,0
30005019,'1495136',1614,,2177,15,,,0
30005019,'1495138',1714,,2178,15,,,0
30005019,'1495140',1814,,2179,15,,,0
30005019,'1495142',1914,,2180,15,,,0
30005019,'1495144',2014,,2181,15,,,0
30005019,'1495146',2114,,2182,15,,,0
30005019,'1495385',614,,2183,15,,,0
30005019,'1495387',714,,2184,15,,,0
30005019,'1495389',814,,2185,15,,,0
30005019,'1495391',914,,2186,15,,,0
30005019,'1495393',1014,,2187,15,,,0
30005019,'1495395',1114,,2188,15,,,0
30005019,'1495397',1214,,2189,15,,,0
30005019,'1495399',1314,,2190,15,,,0
30005019,'1495401',1414,,2191,15,,,0
30005019,'1495403',1514,,2192,15,,,0
30005019,'1495405',1614,,2193,15,,,0
30005019,'1495407',1714,,2194,15,,,0
30005019,'1495409',1814,,2195,15,,,0
30005019,'1495411',1914,,2196,15,,,0
30005019,'1495413',2014,,2197,15,,,0
30005019,'1495415',2114,,2198,15,,,0
30005019,'1495417',2214,,2199,15,,,0
30005019,'1495760',1914,,2200,15,,,0
30005019,'1495762',2014,,2201,15,,,0
30005019,'1495764',2114,,2202,15,,,0
30005019,'1495766',2214,,2203,15,,,0
30005019,'1495768',514,,2204,15,,,0
30005019,'1495770',614,,2205,15,,,0
30005019,'1495772',714,,2206,15,,,0
30005019,'1495773',744,,2207,15,,,0
30005019,'1495774',814,,2208,15,,,0
30005019,'1495775',844,,2209,15,,,0
30005019,'1495776',914,,2210,15,,,0
30005019,'1495777',944,,2211,15,,,0
30005019,'1495778',1014,,2212,15,,,0
30005019,'1495779',1044,,2213,15,,,0
30005019,'1495780',1114,,2214,15,,,0
30005019,'1495781',1144,,2215,15,,,0
30005019,'1495782',1214,,2216,15,,,0
30005019,'1495783',1244,,2217,15,,,0
30005019,'1495784',1314,,2218,15,,,0
30005019,'1495785',1344,,2219,15,,,0
30005019,'1495786',1414,,2220,15,,,0
30005019,'1495787',1444,,2221,15,,,0
30005019,'1495788',1514,,2222,15,,,0
30005019,'1495789',1544,,2223,15,,,0
30005019,'1495790',1614,,2224,15,,,0
30005019,'1495791',1644,,2225,15,,,0
30005019,'1495792',1714,,2226,15,,,0
30005019,'1495793',1744,,2227,15,,,0
30005019,'1495794',1814,,2228,15,,,0
30005019,'1495795',1844,,2229,15,,,0
