10005019,'1495119',733,,2057,3,,,0
10005019,'1495121',833,,2058,3,,,0
10005019,'1495123',933,,2059,3,,,0
10005019,'1495125',1033,,2060,3,,,0
10005019,'1495127',1133,,2061,3,,,0
10005019,'1495129',1233,,2062,3,,,0
10005019,'1495131',1333,,2063,3,,,0
10005019,'1495133',1433,,2064,3,,,0
10005019,'1495135',1533,,2065,3,,,0
10005019,'1495137',1633,,2066,3,,,0
10005019,'1495139',1733,,2067,3,,,0
10005019,'1495141',1833,,2068,3,,,0
10005019,'1495143',1933,,2069,3,,,0
10005019,'1495145',2033,,2070,3,,,0
10005019,'1495147',2133,,2071,3,,,0
10005019,'1495386',633,,2072,3,,,0
10005019,'1495388',733,,2073,3,,,0
10005019,'1495390',833,,2074,3,,,0
10005019,'1495392',933,,2075,3,,,0
10005019,'1495394',1033,,2076,3,,,0
10005019,'1495396',1133,,2077,3,,,0
10005019,'1495398',1233,,2078,3,,,0
10005019,'1495400',1333,,2079,3,,,0
10005019,'1495402',1433,,2080,3,,,0
10005019,'1495404',1533,,2081,3,,,0
10005019,'1495406',1633,,2082,3,,,0
10005019,'1495408',1733,,2083,3,,,0
10005019,'1495410',1833,,2084,3,,,0
10005019,'1495412',1933,,2085,3,,,0
10005019,'1495414',2033,,2086,3,,,0
10005019,'1495416',2133,,2087,3,,,0
10005019,'1495418',2233,,2088,3,,,0
10005019,'1495736',703,,2089,3,,,0
10005019,'1495737',733,,2090,3,,,0
10005019,'1495738',803,,2091,3,,,0
10005019,'1495739',833,,2092,3,,,0
10005019,'1495740',903,,2093,3,,,0
10005019,'1495741',933,,2094,3,,,0
10005019,'1495742',1003,,2095,3,,,0
10005019,'1495743',1033,,2096,3,,,0
10005019,'1495744',1103,,2097,3,,,0
10005019,'1495745',1133,,2098,3,,,0
10005019,'1495746',1203,,2099,3,,,0
10005019,'1495747',1233,,2100,3,,,0
10005019,'1495748',1303,,2101,3,,,0
10005019,'1495749',1333,,2102,3,,,0
10005019,'1495750',1403,,2103,3,,,0
10005019,'1495751',1433,,2104,3,,,0
10005019,'1495752',1503,,2105,3,,,0
10005019,'1495753',1533,,2106,3,,,0
10005019,'1495754',1603,,2107,3,,,0
10005019,'1495755',1633,,2108,3,,,0
10005019,'1495756',1703,,2109,3,,,0
10005019,'1495757',1733,,2110,3,,,0
10005019,'1495758',1803,,2111,3,,,0
10005019,'1495759',1833,,2112,3,,,0
10005019,'1495761',1933,,2113,3,,,0
10005019,'1495763',2033,,2114,3,,,0
10005019,'1495765',2133,,2115,3,,,0
10005019,'1495767',2233,,2116,3,,,0
10005019,'1495769',533,,2117,3,,,0
10005019,'1495771',633,,2118,3,,,0
