4029,'1495086',751,,1654,6,,,0
4029,'1495089',911,,1655,6,,,0
4029,'1495092',1031,,1656,6,,,0
4029,'1495095',1151,,1657,6,,,0
4029,'1495098',1311,,1658,6,,,0
4029,'1495101',1431,,1659,6,,,0
4029,'1495104',1551,,1660,6,,,0
4029,'1495107',1711,,1661,6,,,0
4029,'1495110',1831,,1662,6,,,0
4029,'1495113',1951,,1663,6,,,0
4029,'1495116',2111,,1664,6,,,0
4029,'1495346',631,,1665,6,,,0
4029,'1495349',751,,1666,6,,,0
4029,'1495352',911,,1667,6,,,0
4029,'1495355',1031,,1668,6,,,0
4029,'1495358',1151,,1669,6,,,0
4029,'1495361',1311,,1670,6,,,0
4029,'1495364',1431,,1671,6,,,0
4029,'1495367',1551,,1672,6,,,0
4029,'1495370',1711,,1673,6,,,0
4029,'1495373',1831,,1674,6,,,0
4029,'1495376',1951,,1675,6,,,0
4029,'1495379',2111,,1676,6,,,0
4029,'1495382',2231,,1677,6,,,0
4029,'1495384',2311,,1678,6,,,0
4029,'1495686',611,,1679,6,,,0
4029,'1495688',651,,1680,6,,,0
4029,'1495690',731,,1681,6,,,0
4029,'1495692',811,,1682,6,,,0
4029,'1495694',851,,1683,6,,,0
4029,'1495696',931,,1684,6,,,0
4029,'1495698',1011,,1685,6,,,0
4029,'1495700',1051,,1686,6,,,0
4029,'1495702',1131,,1687,6,,,0
4029,'1495704',1211,,1688,6,,,0
4029,'1495706',1251,,1689,6,,,0
4029,'1495708',1331,,1690,6,,,0
4029,'1495710',1411,,1691,6,,,0
4029,'1495712',1451,,1692,6,,,0
4029,'1495714',1531,,1693,6,,,0
4029,'1495716',1611,,1694,6,,,0
4029,'1495718',1651,,1695,6,,,0
4029,'1495720',1731,,1696,6,,,0
4029,'1495722',1811,,1697,6,,,0
4029,'1495724',1851,,1698,6,,,0
4029,'1495726',1931,,1699,6,,,0
4029,'1495728',2011,,1700,6,,,0
4029,'1495730',2051,,1701,6,,,0
4029,'1495732',2131,,1702,6,,,0
4029,'1495735',2251,,1703,6,,,0
