6019,'1495151',917,,1704,17,,,0
6019,'1495153',1017,,1705,17,,,0
6019,'1495155',1117,,1706,17,,,0
6019,'1495157',1217,,1707,17,,,0
6019,'1495159',1317,,1708,17,,,0
6019,'1495161',1417,,1709,17,,,0
6019,'1495171',2047,,1710,17,,,0
6019,'1495173',2147,,1711,17,,,0
6019,'1495422',817,,1712,17,,,0
6019,'1495424',917,,1713,17,,,0
6019,'1495426',1017,,1714,17,,,0
6019,'1495428',1117,,1715,17,,,0
6019,'1495430',1217,,1716,17,,,0
6019,'1495432',1317,,1717,17,,,0
6019,'1495444',2047,,1718,17,,,0
6019,'1495446',2147,,1719,17,,,0
6019,'1495448',2247,,1720,17,,,0
6019,'1495803',947,,1721,17,,,0
6019,'1495805',1047,,1722,17,,,0
6019,'1495807',1147,,1723,17,,,0
6019,'1495809',1247,,1724,17,,,0
6019,'1495811',1347,,1725,17,,,0
6019,'1495813',1447,,1726,17,,,0
6019,'1495823',2117,,1727,17,,,0
6019,'1495825',2217,,1728,17,,,0
6019,'1495827',2317,,1729,17,,,0
6019,'1495834',917,,1730,17,,,0
6019,'1495836',1017,,1731,17,,,0
6019,'1495838',1117,,1732,17,,,0
6019,'1495840',1217,,1733,17,,,0
6019,'1495842',1317,,1734,17,,,0
6019,'1495844',1417,,1735,17,,,0
6029,'1495149',807,,1737,24,0,5,0
6029,'1495163',1527,,1745,24,0,5,0
6029,'1495165',1647,,1747,24,0,5,0
6029,'1495167',1807,,1749,24,0,5,0
6029,'1495169',1927,,1751,24,0,5,0
6029,'1495420',707,,1755,24,0,5,0
6029,'1495434',1427,,1763,24,0,5,0
6029,'1495436',1547,,1765,24,0,5,0
6029,'1495438',1707,,1767,24,0,5,0
6029,'1495440',1827,,1769,24,0,5,0
6029,'1495442',1947,,1771,24,0,5,0
6029,'1495797',607,,1776,24,0,5,0
6029,'1495799',727,,1778,24,0,5,0
6029,'1495801',847,,1780,24,0,5,0
6029,'1495815',1607,,1788,24,0,5,0
6029,'1495817',1727,,1790,24,0,5,0
6029,'1495819',1847,,1792,24,0,5,0
6029,'1495821',2007,,1794,24,0,5,0
6029,'1495828',527,,1798,24,0,5,0
6029,'1495830',647,,1800,24,0,5,0
6029,'1495832',807,,1802,24,0,5,0
6029,'1495846',1527,,1810,24,0,5,0
6029,'1495848',1647,,1812,24,0,5,0
6029,'1495850',1807,,1814,24,0,5,0
140000019,'1495223',2244,,2230,17,,,0
140000019,'1495507',2344,,2231,17,,,0
140000019,'1495910',2344,,2232,17,,,0
