30005019,'1495118',717,,2168,17,,,0
30005019,'1495120',817,,2169,17,,,0
30005019,'1495122',917,,2170,17,,,0
30005019,'1495124',1017,,2171,17,,,0
30005019,'1495126',1117,,2172,17,,,0
30005019,'1495128',1217,,2173,17,,,0
30005019,'1495130',1317,,2174,17,,,0
30005019,'1495132',1417,,2175,17,,,0
30005019,'1495134',1517,,2176,17,,,0
30005019,'1495136',1617,,2177,17,,,0
30005019,'1495138',1717,,2178,17,,,0
30005019,'1495140',1817,,2179,17,,,0
30005019,'1495142',1917,,2180,17,,,0
30005019,'1495144',2017,,2181,17,,,0
30005019,'1495146',2117,,2182,17,,,0
30005019,'1495385',617,,2183,17,,,0
30005019,'1495387',717,,2184,17,,,0
30005019,'1495389',817,,2185,17,,,0
30005019,'1495391',917,,2186,17,,,0
30005019,'1495393',1017,,2187,17,,,0
30005019,'1495395',1117,,2188,17,,,0
30005019,'1495397',1217,,2189,17,,,0
30005019,'1495399',1317,,2190,17,,,0
30005019,'1495401',1417,,2191,17,,,0
30005019,'1495403',1517,,2192,17,,,0
30005019,'1495405',1617,,2193,17,,,0
30005019,'1495407',1717,,2194,17,,,0
30005019,'1495409',1817,,2195,17,,,0
30005019,'1495411',1917,,2196,17,,,0
30005019,'1495413',2017,,2197,17,,,0
30005019,'1495415',2117,,2198,17,,,0
30005019,'1495417',2217,,2199,17,,,0
30005019,'1495760',1917,,2200,17,,,0
30005019,'1495762',2017,,2201,17,,,0
30005019,'1495764',2117,,2202,17,,,0
30005019,'1495766',2217,,2203,17,,,0
30005019,'1495768',517,,2204,17,,,0
30005019,'1495770',617,,2205,17,,,0
30005019,'1495772',717,,2206,17,,,0
30005019,'1495773',747,,2207,17,,,0
30005019,'1495774',817,,2208,17,,,0
30005019,'1495775',847,,2209,17,,,0
30005019,'1495776',917,,2210,17,,,0
30005019,'1495777',947,,2211,17,,,0
30005019,'1495778',1017,,2212,17,,,0
30005019,'1495779',1047,,2213,17,,,0
30005019,'1495780',1117,,2214,17,,,0
30005019,'1495781',1147,,2215,17,,,0
30005019,'1495782',1217,,2216,17,,,0
30005019,'1495783',1247,,2217,17,,,0
30005019,'1495784',1317,,2218,17,,,0
30005019,'1495785',1347,,2219,17,,,0
30005019,'1495786',1417,,2220,17,,,0
30005019,'1495787',1447,,2221,17,,,0
30005019,'1495788',1517,,2222,17,,,0
30005019,'1495789',1547,,2223,17,,,0
30005019,'1495790',1617,,2224,17,,,0
30005019,'1495791',1647,,2225,17,,,0
30005019,'1495792',1717,,2226,17,,,0
30005019,'1495793',1747,,2227,17,,,0
30005019,'1495794',1817,,2228,17,,,0
30005019,'1495795',1847,,2229,17,,,0
