10005019,'1495119',750,,2057,18,,,0
10005019,'1495121',850,,2058,18,,,0
10005019,'1495123',950,,2059,18,,,0
10005019,'1495125',1050,,2060,18,,,0
10005019,'1495127',1150,,2061,18,,,0
10005019,'1495129',1250,,2062,18,,,0
10005019,'1495131',1350,,2063,18,,,0
10005019,'1495133',1450,,2064,18,,,0
10005019,'1495135',1550,,2065,18,,,0
10005019,'1495137',1650,,2066,18,,,0
10005019,'1495139',1750,,2067,18,,,0
10005019,'1495141',1850,,2068,18,,,0
10005019,'1495143',1950,,2069,18,,,0
10005019,'1495145',2050,,2070,18,,,0
10005019,'1495147',2150,,2071,18,,,0
10005019,'1495386',650,,2072,18,,,0
10005019,'1495388',750,,2073,18,,,0
10005019,'1495390',850,,2074,18,,,0
10005019,'1495392',950,,2075,18,,,0
10005019,'1495394',1050,,2076,18,,,0
10005019,'1495396',1150,,2077,18,,,0
10005019,'1495398',1250,,2078,18,,,0
10005019,'1495400',1350,,2079,18,,,0
10005019,'1495402',1450,,2080,18,,,0
10005019,'1495404',1550,,2081,18,,,0
10005019,'1495406',1650,,2082,18,,,0
10005019,'1495408',1750,,2083,18,,,0
10005019,'1495410',1850,,2084,18,,,0
10005019,'1495412',1950,,2085,18,,,0
10005019,'1495414',2050,,2086,18,,,0
10005019,'1495416',2150,,2087,18,,,0
10005019,'1495418',2250,,2088,18,,,0
10005019,'1495736',720,,2089,18,,,0
10005019,'1495737',750,,2090,18,,,0
10005019,'1495738',820,,2091,18,,,0
10005019,'1495739',850,,2092,18,,,0
10005019,'1495740',920,,2093,18,,,0
10005019,'1495741',950,,2094,18,,,0
10005019,'1495742',1020,,2095,18,,,0
10005019,'1495743',1050,,2096,18,,,0
10005019,'1495744',1120,,2097,18,,,0
10005019,'1495745',1150,,2098,18,,,0
10005019,'1495746',1220,,2099,18,,,0
10005019,'1495747',1250,,2100,18,,,0
10005019,'1495748',1320,,2101,18,,,0
10005019,'1495749',1350,,2102,18,,,0
10005019,'1495750',1420,,2103,18,,,0
10005019,'1495751',1450,,2104,18,,,0
10005019,'1495752',1520,,2105,18,,,0
10005019,'1495753',1550,,2106,18,,,0
10005019,'1495754',1620,,2107,18,,,0
10005019,'1495755',1650,,2108,18,,,0
10005019,'1495756',1720,,2109,18,,,0
10005019,'1495757',1750,,2110,18,,,0
10005019,'1495758',1820,,2111,18,,,0
10005019,'1495759',1850,,2112,18,,,0
10005019,'1495761',1950,,2113,18,,,0
10005019,'1495763',2050,,2114,18,,,0
10005019,'1495765',2150,,2115,18,,,0
10005019,'1495767',2250,,2116,18,,,0
10005019,'1495769',550,,2117,18,,,0
10005019,'1495771',650,,2118,18,,,0
