10005019,'1495119',744,,2057,14,,,0
10005019,'1495121',844,,2058,14,,,0
10005019,'1495123',944,,2059,14,,,0
10005019,'1495125',1044,,2060,14,,,0
10005019,'1495127',1144,,2061,14,,,0
10005019,'1495129',1244,,2062,14,,,0
10005019,'1495131',1344,,2063,14,,,0
10005019,'1495133',1444,,2064,14,,,0
10005019,'1495135',1544,,2065,14,,,0
10005019,'1495137',1644,,2066,14,,,0
10005019,'1495139',1744,,2067,14,,,0
10005019,'1495141',1844,,2068,14,,,0
10005019,'1495143',1944,,2069,14,,,0
10005019,'1495145',2044,,2070,14,,,0
10005019,'1495147',2144,,2071,14,,,0
10005019,'1495386',644,,2072,14,,,0
10005019,'1495388',744,,2073,14,,,0
10005019,'1495390',844,,2074,14,,,0
10005019,'1495392',944,,2075,14,,,0
10005019,'1495394',1044,,2076,14,,,0
10005019,'1495396',1144,,2077,14,,,0
10005019,'1495398',1244,,2078,14,,,0
10005019,'1495400',1344,,2079,14,,,0
10005019,'1495402',1444,,2080,14,,,0
10005019,'1495404',1544,,2081,14,,,0
10005019,'1495406',1644,,2082,14,,,0
10005019,'1495408',1744,,2083,14,,,0
10005019,'1495410',1844,,2084,14,,,0
10005019,'1495412',1944,,2085,14,,,0
10005019,'1495414',2044,,2086,14,,,0
10005019,'1495416',2144,,2087,14,,,0
10005019,'1495418',2244,,2088,14,,,0
10005019,'1495736',714,,2089,14,,,0
10005019,'1495737',744,,2090,14,,,0
10005019,'1495738',814,,2091,14,,,0
10005019,'1495739',844,,2092,14,,,0
10005019,'1495740',914,,2093,14,,,0
10005019,'1495741',944,,2094,14,,,0
10005019,'1495742',1014,,2095,14,,,0
10005019,'1495743',1044,,2096,14,,,0
10005019,'1495744',1114,,2097,14,,,0
10005019,'1495745',1144,,2098,14,,,0
10005019,'1495746',1214,,2099,14,,,0
10005019,'1495747',1244,,2100,14,,,0
10005019,'1495748',1314,,2101,14,,,0
10005019,'1495749',1344,,2102,14,,,0
10005019,'1495750',1414,,2103,14,,,0
10005019,'1495751',1444,,2104,14,,,0
10005019,'1495752',1514,,2105,14,,,0
10005019,'1495753',1544,,2106,14,,,0
10005019,'1495754',1614,,2107,14,,,0
10005019,'1495755',1644,,2108,14,,,0
10005019,'1495756',1714,,2109,14,,,0
10005019,'1495757',1744,,2110,14,,,0
10005019,'1495758',1814,,2111,14,,,0
10005019,'1495759',1844,,2112,14,,,0
10005019,'1495761',1944,,2113,14,,,0
10005019,'1495763',2044,,2114,14,,,0
10005019,'1495765',2144,,2115,14,,,0
10005019,'1495767',2244,,2116,14,,,0
10005019,'1495769',544,,2117,14,,,0
10005019,'1495771',644,,2118,14,,,0
