30005019,'1495118',709,,2168,10,,,0
30005019,'1495120',809,,2169,10,,,0
30005019,'1495122',909,,2170,10,,,0
30005019,'1495124',1009,,2171,10,,,0
30005019,'1495126',1109,,2172,10,,,0
30005019,'1495128',1209,,2173,10,,,0
30005019,'1495130',1309,,2174,10,,,0
30005019,'1495132',1409,,2175,10,,,0
30005019,'1495134',1509,,2176,10,,,0
30005019,'1495136',1609,,2177,10,,,0
30005019,'1495138',1709,,2178,10,,,0
30005019,'1495140',1809,,2179,10,,,0
30005019,'1495142',1909,,2180,10,,,0
30005019,'1495144',2009,,2181,10,,,0
30005019,'1495146',2109,,2182,10,,,0
30005019,'1495385',609,,2183,10,,,0
30005019,'1495387',709,,2184,10,,,0
30005019,'1495389',809,,2185,10,,,0
30005019,'1495391',909,,2186,10,,,0
30005019,'1495393',1009,,2187,10,,,0
30005019,'1495395',1109,,2188,10,,,0
30005019,'1495397',1209,,2189,10,,,0
30005019,'1495399',1309,,2190,10,,,0
30005019,'1495401',1409,,2191,10,,,0
30005019,'1495403',1509,,2192,10,,,0
30005019,'1495405',1609,,2193,10,,,0
30005019,'1495407',1709,,2194,10,,,0
30005019,'1495409',1809,,2195,10,,,0
30005019,'1495411',1909,,2196,10,,,0
30005019,'1495413',2009,,2197,10,,,0
30005019,'1495415',2109,,2198,10,,,0
30005019,'1495417',2209,,2199,10,,,0
30005019,'1495760',1909,,2200,10,,,0
30005019,'1495762',2009,,2201,10,,,0
30005019,'1495764',2109,,2202,10,,,0
30005019,'1495766',2209,,2203,10,,,0
30005019,'1495768',509,,2204,10,,,0
30005019,'1495770',609,,2205,10,,,0
30005019,'1495772',709,,2206,10,,,0
30005019,'1495773',739,,2207,10,,,0
30005019,'1495774',809,,2208,10,,,0
30005019,'1495775',839,,2209,10,,,0
30005019,'1495776',909,,2210,10,,,0
30005019,'1495777',939,,2211,10,,,0
30005019,'1495778',1009,,2212,10,,,0
30005019,'1495779',1039,,2213,10,,,0
30005019,'1495780',1109,,2214,10,,,0
30005019,'1495781',1139,,2215,10,,,0
30005019,'1495782',1209,,2216,10,,,0
30005019,'1495783',1239,,2217,10,,,0
30005019,'1495784',1309,,2218,10,,,0
30005019,'1495785',1339,,2219,10,,,0
30005019,'1495786',1409,,2220,10,,,0
30005019,'1495787',1439,,2221,10,,,0
30005019,'1495788',1509,,2222,10,,,0
30005019,'1495789',1539,,2223,10,,,0
30005019,'1495790',1609,,2224,10,,,0
30005019,'1495791',1639,,2225,10,,,0
30005019,'1495792',1709,,2226,10,,,0
30005019,'1495793',1739,,2227,10,,,0
30005019,'1495794',1809,,2228,10,,,0
30005019,'1495795',1839,,2229,10,,,0
