6019,'1495151',927,,1704,28,,,0
6019,'1495153',1027,,1705,28,,,0
6019,'1495155',1127,,1706,28,,,0
6019,'1495157',1227,,1707,28,,,0
6019,'1495159',1327,,1708,28,,,0
6019,'1495161',1427,,1709,28,,,0
6019,'1495171',2057,,1710,28,,,0
6019,'1495173',2157,,1711,28,,,0
6019,'1495422',827,,1712,28,,,0
6019,'1495424',927,,1713,28,,,0
6019,'1495426',1027,,1714,28,,,0
6019,'1495428',1127,,1715,28,,,0
6019,'1495430',1227,,1716,28,,,0
6019,'1495432',1327,,1717,28,,,0
6019,'1495444',2057,,1718,28,,,0
6019,'1495446',2157,,1719,28,,,0
6019,'1495448',2257,,1720,28,,,0
6019,'1495803',957,,1721,28,,,0
6019,'1495805',1057,,1722,28,,,0
6019,'1495807',1157,,1723,28,,,0
6019,'1495809',1257,,1724,28,,,0
6019,'1495811',1357,,1725,28,,,0
6019,'1495813',1457,,1726,28,,,0
6019,'1495823',2127,,1727,28,,,0
6019,'1495825',2227,,1728,28,,,0
6019,'1495827',2327,,1729,28,,,0
6019,'1495834',927,,1730,28,,,0
6019,'1495836',1027,,1731,28,,,0
6019,'1495838',1127,,1732,28,,,0
6019,'1495840',1227,,1733,28,,,0
6019,'1495842',1327,,1734,28,,,0
6019,'1495844',1427,,1735,28,,,0
6029,'1495149',817,,1737,35,0,5,0
6029,'1495163',1537,,1745,35,0,5,0
6029,'1495165',1657,,1747,35,0,5,0
6029,'1495167',1817,,1749,35,0,5,0
6029,'1495169',1937,,1751,35,0,5,0
6029,'1495420',717,,1755,35,0,5,0
6029,'1495434',1437,,1763,35,0,5,0
6029,'1495436',1557,,1765,35,0,5,0
6029,'1495438',1717,,1767,35,0,5,0
6029,'1495440',1837,,1769,35,0,5,0
6029,'1495442',1957,,1771,35,0,5,0
6029,'1495797',617,,1776,35,0,5,0
6029,'1495799',737,,1778,35,0,5,0
6029,'1495801',857,,1780,35,0,5,0
6029,'1495815',1617,,1788,35,0,5,0
6029,'1495817',1737,,1790,35,0,5,0
6029,'1495819',1857,,1792,35,0,5,0
6029,'1495821',2017,,1794,35,0,5,0
6029,'1495828',537,,1798,35,0,5,0
6029,'1495830',657,,1800,35,0,5,0
6029,'1495832',817,,1802,35,0,5,0
6029,'1495846',1537,,1810,35,0,5,0
6029,'1495848',1657,,1812,35,0,5,0
6029,'1495850',1817,,1814,35,0,5,0
140000019,'1495223',2255,,2230,30,,,0
140000019,'1495507',2355,,2231,30,,,0
140000019,'1495910',2355,,2232,30,,,0
