2029,'1495007',720,,1515,6,,,0
2029,'1495009',750,,1516,6,,,0
2029,'1495011',820,,1517,6,,,0
2029,'1495013',850,,1518,6,,,0
2029,'1495015',920,,1519,6,,,0
2029,'1495017',950,,1520,6,,,0
2029,'1495019',1020,,1521,6,,,0
2029,'1495021',1050,,1522,6,,,0
2029,'1495023',1127,,1523,6,,,0
2029,'1495025',1207,,1524,6,,,0
2029,'1495027',1247,,1525,6,,,0
2029,'1495029',1327,,1526,6,,,0
2029,'1495031',1407,,1527,6,,,0
2029,'1495033',1447,,1528,6,,,0
2029,'1495035',1527,,1529,6,,,0
2029,'1495037',1607,,1530,6,,,0
2029,'1495039',1647,,1531,6,,,0
2029,'1495041',1720,,1532,6,,,0
2029,'1495043',1750,,1533,6,,,0
2029,'1495045',1820,,1534,6,,,0
2029,'1495049',1920,,1535,6,,,0
2029,'1495053',2020,,1536,6,,,0
2029,'1495057',2120,,1537,6,,,0
2029,'1495061',2220,,1538,6,,,0
2029,'1495227',650,,1539,6,,,0
2029,'1495231',750,,1540,6,,,0
2029,'1495233',820,,1541,6,,,0
2029,'1495235',850,,1542,6,,,0
2029,'1495237',920,,1543,6,,,0
2029,'1495239',950,,1544,6,,,0
2029,'1495241',1020,,1545,6,,,0
2029,'1495243',1050,,1546,6,,,0
2029,'1495245',1127,,1547,6,,,0
2029,'1495247',1207,,1548,6,,,0
2029,'1495249',1247,,1549,6,,,0
2029,'1495251',1327,,1550,6,,,0
2029,'1495253',1407,,1551,6,,,0
2029,'1495255',1447,,1552,6,,,0
2029,'1495257',1527,,1553,6,,,0
2029,'1495259',1607,,1554,6,,,0
2029,'1495261',1647,,1555,6,,,0
2029,'1495263',1727,,1556,6,,,0
2029,'1495265',1807,,1557,6,,,0
2029,'1495267',1847,,1558,6,,,0
2029,'1495269',1920,,1559,6,,,0
2029,'1495271',1950,,1560,6,,,0
2029,'1495273',2020,,1561,6,,,0
2029,'1495275',2050,,1562,6,,,0
2029,'1495277',2120,,1563,6,,,0
2029,'1495279',2150,,1564,6,,,0
2029,'1495281',2220,,1565,6,,,0
2029,'1495283',2250,,1566,6,,,0
2029,'1495567',2250,,1567,6,,,0
2029,'1495571',520,,1568,6,,,0
2029,'1495573',550,,1569,6,,,0
2029,'1495575',620,,1570,6,,,0
2029,'1495577',650,,1571,6,,,0
2029,'1495579',720,,1572,6,,,0
2029,'1495581',750,,1573,6,,,0
2029,'1495583',820,,1574,6,,,0
2029,'1495585',850,,1575,6,,,0
2029,'1495587',920,,1576,6,,,0
2029,'1495589',950,,1577,6,,,0
2029,'1495591',1020,,1578,6,,,0
2029,'1495593',1050,,1579,6,,,0
2029,'1495595',1127,,1580,6,,,0
2029,'1495597',1207,,1581,6,,,0
2029,'1495599',1247,,1582,6,,,0
2029,'1495601',1327,,1583,6,,,0
2029,'1495603',1407,,1584,6,,,0
2029,'1495605',1447,,1585,6,,,0
2029,'1495607',1527,,1586,6,,,0
2029,'1495609',1607,,1587,6,,,0
2029,'1495611',1647,,1588,6,,,0
2029,'1495613',1727,,1589,6,,,0
2029,'1495615',1807,,1590,6,,,0
2029,'1495617',1847,,1591,6,,,0
2029,'1495619',1920,,1592,6,,,0
2029,'1495621',1950,,1593,6,,,0
2029,'1495623',2020,,1594,6,,,0
2029,'1495625',2050,,1595,6,,,0
2029,'1495627',2120,,1596,6,,,0
2029,'1495629',2150,,1597,6,,,0
2029,'1495674',1427,,1598,6,,,0
2029,'1495676',1507,,1599,6,,,0
2029,'1495678',1547,,1600,6,,,0
2029,'1495680',1627,,1601,6,,,0
2029,'1495682',1707,,1602,6,,,0
2029,'1495684',1747,,1603,6,,,0
