1019,'1494978',1011,,1278,9,,,0
1019,'1494980',1041,,1279,9,,,0
1019,'1494982',1116,,1280,9,,,0
1019,'1494984',1156,,1281,9,,,0
1019,'1494986',1236,,1282,9,,,0
1019,'1494988',1316,,1283,9,,,0
1019,'1494990',1356,,1284,9,,,0
1019,'1494992',1436,,1285,9,,,0
1019,'1494994',1516,,1286,9,,,0
1019,'1494996',1556,,1287,9,,,0
1019,'1494998',1636,,1288,9,,,0
1019,'1495000',1711,,1289,9,,,0
1019,'1495002',1741,,1290,9,,,0
1019,'1495004',1811,,1291,9,,,0
1019,'1495046',1841,,1292,9,,,0
1019,'1495050',1941,,1293,9,,,0
1019,'1495054',2041,,1294,9,,,0
1019,'1495058',2141,,1295,9,,,0
1019,'1495176',741,,1296,9,,,0
1019,'1495180',841,,1297,9,,,0
1019,'1495184',941,,1298,9,,,0
1019,'1495224',611,,1299,9,,,0
1019,'1495228',711,,1300,9,,,0
1019,'1495284',911,,1301,9,,,0
1019,'1495286',941,,1302,9,,,0
1019,'1495288',1011,,1303,9,,,0
1019,'1495290',1041,,1304,9,,,0
1019,'1495292',1116,,1305,9,,,0
1019,'1495294',1156,,1306,9,,,0
1019,'1495296',1236,,1307,9,,,0
1019,'1495298',1316,,1308,9,,,0
1019,'1495300',1356,,1309,9,,,0
1019,'1495302',1436,,1310,9,,,0
1019,'1495304',1516,,1311,9,,,0
1019,'1495306',1556,,1312,9,,,0
1019,'1495308',1636,,1313,9,,,0
1019,'1495310',1716,,1314,9,,,0
1019,'1495312',1756,,1315,9,,,0
1019,'1495314',1836,,1316,9,,,0
1019,'1495454',811,,1317,9,,,0
1019,'1495490',1911,,1318,9,,,0
1019,'1495494',2011,,1319,9,,,0
1019,'1495498',2111,,1320,9,,,0
1019,'1495502',2211,,1321,9,,,0
1019,'1495508',611,,1322,9,,,0
1019,'1495510',641,,1323,9,,,0
1019,'1495512',711,,1324,9,,,0
1019,'1495514',741,,1325,9,,,0
1019,'1495516',811,,1326,9,,,0
1019,'1495518',841,,1327,9,,,0
1019,'1495520',911,,1328,9,,,0
1019,'1495522',941,,1329,9,,,0
1019,'1495524',1011,,1330,9,,,0
1019,'1495526',1041,,1331,9,,,0
1019,'1495528',1116,,1332,9,,,0
1019,'1495530',1156,,1333,9,,,0
1019,'1495532',1236,,1334,9,,,0
1019,'1495534',1316,,1335,9,,,0
1019,'1495536',1356,,1336,9,,,0
1019,'1495538',1436,,1337,9,,,0
1019,'1495540',1516,,1338,9,,,0
1019,'1495542',1556,,1339,9,,,0
1019,'1495544',1636,,1340,9,,,0
1019,'1495546',1716,,1341,9,,,0
1019,'1495548',1756,,1342,9,,,0
1019,'1495550',1836,,1343,9,,,0
1019,'1495552',1911,,1344,9,,,0
1019,'1495554',1941,,1345,9,,,0
1019,'1495556',2011,,1346,9,,,0
1019,'1495558',2041,,1347,9,,,0
1019,'1495560',2111,,1348,9,,,0
1019,'1495562',2141,,1349,9,,,0
1019,'1495564',2211,,1350,9,,,0
1019,'1495568',2311,,1351,9,,,0
6029,'1495148',737,,1736,36,,,0
6029,'1495150',857,,1738,36,,,0
6029,'1495152',957,,1739,29,,,0
6029,'1495154',1057,,1740,29,,,0
6029,'1495156',1157,,1741,29,,,0
6029,'1495158',1257,,1742,29,,,0
6029,'1495160',1357,,1743,29,,,0
6029,'1495162',1457,,1744,29,,,0
6029,'1495164',1617,,1746,36,,,0
6029,'1495166',1737,,1748,36,,,0
6029,'1495168',1857,,1750,36,,,0
6029,'1495170',2017,,1752,36,,,0
6029,'1495172',2127,,1753,29,,,0
6029,'1495419',637,,1754,36,,,0
6029,'1495421',757,,1756,36,,,0
6029,'1495423',857,,1757,29,,,0
6029,'1495425',957,,1758,29,,,0
6029,'1495427',1057,,1759,29,,,0
6029,'1495429',1157,,1760,29,,,0
6029,'1495431',1257,,1761,29,,,0
6029,'1495433',1357,,1762,29,,,0
6029,'1495435',1517,,1764,36,,,0
6029,'1495437',1637,,1766,36,,,0
6029,'1495439',1757,,1768,36,,,0
6029,'1495441',1917,,1770,36,,,0
6029,'1495443',2027,,1772,29,,,0
6029,'1495445',2127,,1773,29,,,0
6029,'1495447',2227,,1774,29,,,0
6029,'1495796',537,,1775,36,,,0
6029,'1495798',657,,1777,36,,,0
6029,'1495800',817,,1779,36,,,0
6029,'1495802',927,,1781,29,,,0
6029,'1495804',1027,,1782,29,,,0
6029,'1495806',1127,,1783,29,,,0
6029,'1495808',1227,,1784,29,,,0
6029,'1495810',1327,,1785,29,,,0
6029,'1495812',1427,,1786,29,,,0
6029,'1495814',1537,,1787,36,,,0
6029,'1495816',1657,,1789,36,,,0
6029,'1495818',1817,,1791,36,,,0
6029,'1495820',1937,,1793,36,,,0
6029,'1495822',2057,,1795,29,,,0
6029,'1495824',2157,,1796,29,,,0
6029,'1495826',2257,,1797,29,,,0
6029,'1495829',617,,1799,36,,,0
6029,'1495831',737,,1801,36,,,0
6029,'1495833',857,,1803,36,,,0
6029,'1495835',957,,1804,29,,,0
6029,'1495837',1057,,1805,29,,,0
6029,'1495839',1157,,1806,29,,,0
6029,'1495841',1257,,1807,29,,,0
6029,'1495843',1357,,1808,29,,,0
6029,'1495845',1457,,1809,29,,,0
6029,'1495847',1617,,1811,36,,,0
6029,'1495849',1737,,1813,36,,,0
