6029,'1495148',721,,1736,22,,,0
6029,'1495149',804,,1737,22,0,5,0
6029,'1495150',841,,1738,22,,,0
6029,'1495163',1524,,1745,22,0,5,0
6029,'1495164',1601,,1746,22,,,0
6029,'1495165',1644,,1747,22,0,5,0
6029,'1495166',1721,,1748,22,,,0
6029,'1495167',1804,,1749,22,0,5,0
6029,'1495168',1841,,1750,22,,,0
6029,'1495169',1924,,1751,22,0,5,0
6029,'1495170',2001,,1752,22,,,0
6029,'1495419',621,,1754,22,,,0
6029,'1495420',704,,1755,22,0,5,0
6029,'1495421',741,,1756,22,,,0
6029,'1495434',1424,,1763,22,0,5,0
6029,'1495435',1501,,1764,22,,,0
6029,'1495436',1544,,1765,22,0,5,0
6029,'1495437',1621,,1766,22,,,0
6029,'1495438',1704,,1767,22,0,5,0
6029,'1495439',1741,,1768,22,,,0
6029,'1495440',1824,,1769,22,0,5,0
6029,'1495441',1901,,1770,22,,,0
6029,'1495442',1944,,1771,22,0,5,0
6029,'1495796',521,,1775,22,,,0
6029,'1495797',604,,1776,22,0,5,0
6029,'1495798',641,,1777,22,,,0
6029,'1495799',724,,1778,22,0,5,0
6029,'1495800',801,,1779,22,,,0
6029,'1495801',844,,1780,22,0,5,0
6029,'1495814',1521,,1787,22,,,0
6029,'1495815',1604,,1788,22,0,5,0
6029,'1495816',1641,,1789,22,,,0
6029,'1495817',1724,,1790,22,0,5,0
6029,'1495818',1801,,1791,22,,,0
6029,'1495819',1844,,1792,22,0,5,0
6029,'1495820',1921,,1793,22,,,0
6029,'1495821',2004,,1794,22,0,5,0
6029,'1495828',524,,1798,22,0,5,0
6029,'1495829',601,,1799,22,,,0
6029,'1495830',644,,1800,22,0,5,0
6029,'1495831',721,,1801,22,,,0
6029,'1495832',804,,1802,22,0,5,0
6029,'1495833',841,,1803,22,,,0
6029,'1495846',1524,,1810,22,0,5,0
6029,'1495847',1601,,1811,22,,,0
6029,'1495848',1644,,1812,22,0,5,0
6029,'1495849',1721,,1813,22,,,0
6029,'1495850',1804,,1814,22,0,5,0
