2019,'1495006',712,,1426,15,,,0
2019,'1495008',742,,1427,15,,,0
2019,'1495010',812,,1428,15,,,0
2019,'1495012',842,,1429,15,,,0
2019,'1495014',912,,1430,15,,,0
2019,'1495016',942,,1431,15,,,0
2019,'1495018',1012,,1432,15,,,0
2019,'1495020',1042,,1433,15,,,0
2019,'1495022',1117,,1434,15,,,0
2019,'1495024',1157,,1435,15,,,0
2019,'1495026',1237,,1436,15,,,0
2019,'1495028',1317,,1437,15,,,0
2019,'1495030',1357,,1438,15,,,0
2019,'1495032',1437,,1439,15,,,0
2019,'1495034',1517,,1440,15,,,0
2019,'1495036',1557,,1441,15,,,0
2019,'1495038',1637,,1442,15,,,0
2019,'1495040',1712,,1443,15,,,0
2019,'1495042',1742,,1444,15,,,0
2019,'1495044',1812,,1445,15,,,0
2019,'1495048',1912,,1446,15,,,0
2019,'1495052',2012,,1447,15,,,0
2019,'1495056',2112,,1448,15,,,0
2019,'1495060',2212,,1449,15,,,0
2019,'1495226',642,,1450,15,,,0
2019,'1495230',742,,1451,15,,,0
2019,'1495232',812,,1452,15,,,0
2019,'1495234',842,,1453,15,,,0
2019,'1495236',912,,1454,15,,,0
2019,'1495238',942,,1455,15,,,0
2019,'1495240',1012,,1456,15,,,0
2019,'1495242',1042,,1457,15,,,0
2019,'1495244',1117,,1458,15,,,0
2019,'1495246',1157,,1459,15,,,0
2019,'1495248',1237,,1460,15,,,0
2019,'1495250',1317,,1461,15,,,0
2019,'1495252',1357,,1462,15,,,0
2019,'1495254',1437,,1463,15,,,0
2019,'1495256',1517,,1464,15,,,0
2019,'1495258',1557,,1465,15,,,0
2019,'1495260',1637,,1466,15,,,0
2019,'1495262',1717,,1467,15,,,0
2019,'1495264',1757,,1468,15,,,0
2019,'1495266',1837,,1469,15,,,0
2019,'1495268',1912,,1470,15,,,0
2019,'1495270',1942,,1471,15,,,0
2019,'1495272',2012,,1472,15,,,0
2019,'1495274',2042,,1473,15,,,0
2019,'1495276',2112,,1474,15,,,0
2019,'1495278',2142,,1475,15,,,0
2019,'1495280',2212,,1476,15,,,0
2019,'1495282',2242,,1477,15,,,0
2019,'1495566',2242,,1478,15,,,0
2019,'1495570',512,,1479,15,,,0
2019,'1495572',542,,1480,15,,,0
2019,'1495574',612,,1481,15,,,0
2019,'1495576',642,,1482,15,,,0
2019,'1495578',712,,1483,15,,,0
2019,'1495580',742,,1484,15,,,0
2019,'1495582',812,,1485,15,,,0
2019,'1495584',842,,1486,15,,,0
2019,'1495586',912,,1487,15,,,0
2019,'1495588',942,,1488,15,,,0
2019,'1495590',1012,,1489,15,,,0
2019,'1495592',1042,,1490,15,,,0
2019,'1495594',1117,,1491,15,,,0
2019,'1495596',1157,,1492,15,,,0
2019,'1495598',1237,,1493,15,,,0
2019,'1495600',1317,,1494,15,,,0
2019,'1495602',1357,,1495,15,,,0
2019,'1495604',1437,,1496,15,,,0
2019,'1495606',1517,,1497,15,,,0
2019,'1495608',1557,,1498,15,,,0
2019,'1495610',1637,,1499,15,,,0
2019,'1495612',1717,,1500,15,,,0
2019,'1495614',1757,,1501,15,,,0
2019,'1495616',1837,,1502,15,,,0
2019,'1495618',1912,,1503,15,,,0
2019,'1495620',1942,,1504,15,,,0
2019,'1495622',2012,,1505,15,,,0
2019,'1495624',2042,,1506,15,,,0
2019,'1495626',2112,,1507,15,,,0
2019,'1495628',2142,,1508,15,,,0
2019,'1495673',1417,,1509,15,,,0
2019,'1495675',1457,,1510,15,,,0
2019,'1495677',1537,,1511,15,,,0
2019,'1495679',1617,,1512,15,,,0
2019,'1495681',1657,,1513,15,,,0
2019,'1495683',1737,,1514,15,,,0
