10005019,'1495119',747,,2057,16,,,0
10005019,'1495121',847,,2058,16,,,0
10005019,'1495123',947,,2059,16,,,0
10005019,'1495125',1047,,2060,16,,,0
10005019,'1495127',1147,,2061,16,,,0
10005019,'1495129',1247,,2062,16,,,0
10005019,'1495131',1347,,2063,16,,,0
10005019,'1495133',1447,,2064,16,,,0
10005019,'1495135',1547,,2065,16,,,0
10005019,'1495137',1647,,2066,16,,,0
10005019,'1495139',1747,,2067,16,,,0
10005019,'1495141',1847,,2068,16,,,0
10005019,'1495143',1947,,2069,16,,,0
10005019,'1495145',2047,,2070,16,,,0
10005019,'1495147',2147,,2071,16,,,0
10005019,'1495386',647,,2072,16,,,0
10005019,'1495388',747,,2073,16,,,0
10005019,'1495390',847,,2074,16,,,0
10005019,'1495392',947,,2075,16,,,0
10005019,'1495394',1047,,2076,16,,,0
10005019,'1495396',1147,,2077,16,,,0
10005019,'1495398',1247,,2078,16,,,0
10005019,'1495400',1347,,2079,16,,,0
10005019,'1495402',1447,,2080,16,,,0
10005019,'1495404',1547,,2081,16,,,0
10005019,'1495406',1647,,2082,16,,,0
10005019,'1495408',1747,,2083,16,,,0
10005019,'1495410',1847,,2084,16,,,0
10005019,'1495412',1947,,2085,16,,,0
10005019,'1495414',2047,,2086,16,,,0
10005019,'1495416',2147,,2087,16,,,0
10005019,'1495418',2247,,2088,16,,,0
10005019,'1495736',717,,2089,16,,,0
10005019,'1495737',747,,2090,16,,,0
10005019,'1495738',817,,2091,16,,,0
10005019,'1495739',847,,2092,16,,,0
10005019,'1495740',917,,2093,16,,,0
10005019,'1495741',947,,2094,16,,,0
10005019,'1495742',1017,,2095,16,,,0
10005019,'1495743',1047,,2096,16,,,0
10005019,'1495744',1117,,2097,16,,,0
10005019,'1495745',1147,,2098,16,,,0
10005019,'1495746',1217,,2099,16,,,0
10005019,'1495747',1247,,2100,16,,,0
10005019,'1495748',1317,,2101,16,,,0
10005019,'1495749',1347,,2102,16,,,0
10005019,'1495750',1417,,2103,16,,,0
10005019,'1495751',1447,,2104,16,,,0
10005019,'1495752',1517,,2105,16,,,0
10005019,'1495753',1547,,2106,16,,,0
10005019,'1495754',1617,,2107,16,,,0
10005019,'1495755',1647,,2108,16,,,0
10005019,'1495756',1717,,2109,16,,,0
10005019,'1495757',1747,,2110,16,,,0
10005019,'1495758',1817,,2111,16,,,0
10005019,'1495759',1847,,2112,16,,,0
10005019,'1495761',1947,,2113,16,,,0
10005019,'1495763',2047,,2114,16,,,0
10005019,'1495765',2147,,2115,16,,,0
10005019,'1495767',2247,,2116,16,,,0
10005019,'1495769',547,,2117,16,,,0
10005019,'1495771',647,,2118,16,,,0
