8019,'1495087',808,,1960,6,,,0
8019,'1495090',928,,1961,6,,,0
8019,'1495093',1048,,1962,6,,,0
8019,'1495096',1208,,1963,6,,,0
8019,'1495099',1328,,1964,6,,,0
8019,'1495102',1448,,1965,6,,,0
8019,'1495105',1608,,1966,6,,,0
8019,'1495108',1728,,1967,6,,,0
8019,'1495111',1848,,1968,6,,,0
8019,'1495114',2008,,1969,6,,,0
8019,'1495117',2128,,1970,6,,,0
8019,'1495190',1128,,1971,6,,,0
8019,'1495347',648,,1972,6,,,0
8019,'1495350',808,,1973,6,,,0
8019,'1495353',928,,1974,6,,,0
8019,'1495356',1048,,1975,6,,,0
8019,'1495359',1208,,1976,6,,,0
8019,'1495362',1328,,1977,6,,,0
8019,'1495365',1448,,1978,6,,,0
8019,'1495368',1608,,1979,6,,,0
8019,'1495371',1728,,1980,6,,,0
8019,'1495374',1848,,1981,6,,,0
8019,'1495377',2008,,1982,6,,,0
8019,'1495380',2128,,1983,6,,,0
8019,'1495733',2148,,1984,6,,,0
8019,'1495911',628,,1985,6,,,0
8019,'1495912',708,,1986,6,,,0
8019,'1495913',748,,1987,6,,,0
8019,'1495914',828,,1988,6,,,0
8019,'1495915',908,,1989,6,,,0
8019,'1495916',948,,1990,6,,,0
8019,'1495917',1028,,1991,6,,,0
8019,'1495918',1108,,1992,6,,,0
8019,'1495919',1148,,1993,6,,,0
8019,'1495920',1228,,1994,6,,,0
8019,'1495921',1308,,1995,6,,,0
8019,'1495922',1348,,1996,6,,,0
8019,'1495923',1428,,1997,6,,,0
8019,'1495924',1508,,1998,6,,,0
8019,'1495925',1548,,1999,6,,,0
8019,'1495926',1628,,2000,6,,,0
8019,'1495927',1708,,2001,6,,,0
8019,'1495928',1748,,2002,6,,,0
8019,'1495929',1828,,2003,6,,,0
8019,'1495930',1908,,2004,6,,,0
8019,'1495931',1948,,2005,6,,,0
8019,'1495932',2028,,2006,6,,,0
