7019,'1495175',722,,1815,5,,,0
7019,'1495179',822,,1816,5,,,0
7019,'1495183',922,,1817,5,,,0
7019,'1495187',1030,,1818,5,,,0
7019,'1495189',1110,,1819,5,,,0
7019,'1495192',1230,,1820,5,,,0
7019,'1495194',1310,,1821,5,,,0
7019,'1495196',1350,,1822,5,,,0
7019,'1495198',1430,,1823,5,,,0
7019,'1495200',1510,,1824,5,,,0
7019,'1495202',1550,,1825,5,,,0
7019,'1495204',1630,,1826,5,,,0
7019,'1495206',1710,,1827,5,,,0
7019,'1495208',1750,,1828,5,,,0
7019,'1495210',1822,,1829,5,,,0
7019,'1495212',1852,,1830,5,,,0
7019,'1495215',1952,,1831,5,,,0
7019,'1495218',2052,,1832,5,,,0
7019,'1495221',2152,,1833,5,,,0
7019,'1495450',652,,1834,5,,,0
7019,'1495453',752,,1835,5,,,0
7019,'1495457',852,,1836,5,,,0
7019,'1495459',922,,1837,5,,,0
7019,'1495461',952,,1838,5,,,0
7019,'1495463',1030,,1839,5,,,0
7019,'1495465',1110,,1840,5,,,0
7019,'1495467',1150,,1841,5,,,0
7019,'1495469',1230,,1842,5,,,0
7019,'1495471',1310,,1843,5,,,0
7019,'1495473',1350,,1844,5,,,0
7019,'1495475',1430,,1845,5,,,0
7019,'1495477',1510,,1846,5,,,0
7019,'1495479',1550,,1847,5,,,0
7019,'1495481',1630,,1848,5,,,0
7019,'1495483',1710,,1849,5,,,0
7019,'1495485',1750,,1850,5,,,0
7019,'1495487',1822,,1851,5,,,0
7019,'1495489',1852,,1852,5,,,0
7019,'1495493',1952,,1853,5,,,0
7019,'1495497',2052,,1854,5,,,0
7019,'1495501',2152,,1855,5,,,0
7019,'1495505',2252,,1856,5,,,0
7019,'1495852',622,,1857,5,,,0
7019,'1495854',652,,1858,5,,,0
7019,'1495856',722,,1859,5,,,0
7019,'1495858',752,,1860,5,,,0
7019,'1495860',822,,1861,5,,,0
7019,'1495862',852,,1862,5,,,0
7019,'1495864',930,,1863,5,,,0
7019,'1495866',1010,,1864,5,,,0
7019,'1495868',1050,,1865,5,,,0
7019,'1495870',1130,,1866,5,,,0
7019,'1495872',1210,,1867,5,,,0
7019,'1495874',1250,,1868,5,,,0
7019,'1495876',1330,,1869,5,,,0
7019,'1495878',1410,,1870,5,,,0
7019,'1495880',1450,,1871,5,,,0
7019,'1495882',1530,,1872,5,,,0
7019,'1495884',1610,,1873,5,,,0
7019,'1495886',1650,,1874,5,,,0
7019,'1495888',1730,,1875,5,,,0
7019,'1495890',1810,,1876,5,,,0
7019,'1495892',1850,,1877,5,,,0
7019,'1495894',1922,,1878,5,,,0
7019,'1495896',1952,,1879,5,,,0
7019,'1495898',2022,,1880,5,,,0
7019,'1495900',2052,,1881,5,,,0
7019,'1495902',2122,,1882,5,,,0
7019,'1495904',2152,,1883,5,,,0
7019,'1495906',2222,,1884,5,,,0
7019,'1495908',2252,,1885,5,,,0
