10005019,'1495119',741,,2057,11,,,0
10005019,'1495121',841,,2058,11,,,0
10005019,'1495123',941,,2059,11,,,0
10005019,'1495125',1041,,2060,11,,,0
10005019,'1495127',1141,,2061,11,,,0
10005019,'1495129',1241,,2062,11,,,0
10005019,'1495131',1341,,2063,11,,,0
10005019,'1495133',1441,,2064,11,,,0
10005019,'1495135',1541,,2065,11,,,0
10005019,'1495137',1641,,2066,11,,,0
10005019,'1495139',1741,,2067,11,,,0
10005019,'1495141',1841,,2068,11,,,0
10005019,'1495143',1941,,2069,11,,,0
10005019,'1495145',2041,,2070,11,,,0
10005019,'1495147',2141,,2071,11,,,0
10005019,'1495386',641,,2072,11,,,0
10005019,'1495388',741,,2073,11,,,0
10005019,'1495390',841,,2074,11,,,0
10005019,'1495392',941,,2075,11,,,0
10005019,'1495394',1041,,2076,11,,,0
10005019,'1495396',1141,,2077,11,,,0
10005019,'1495398',1241,,2078,11,,,0
10005019,'1495400',1341,,2079,11,,,0
10005019,'1495402',1441,,2080,11,,,0
10005019,'1495404',1541,,2081,11,,,0
10005019,'1495406',1641,,2082,11,,,0
10005019,'1495408',1741,,2083,11,,,0
10005019,'1495410',1841,,2084,11,,,0
10005019,'1495412',1941,,2085,11,,,0
10005019,'1495414',2041,,2086,11,,,0
10005019,'1495416',2141,,2087,11,,,0
10005019,'1495418',2241,,2088,11,,,0
10005019,'1495736',711,,2089,11,,,0
10005019,'1495737',741,,2090,11,,,0
10005019,'1495738',811,,2091,11,,,0
10005019,'1495739',841,,2092,11,,,0
10005019,'1495740',911,,2093,11,,,0
10005019,'1495741',941,,2094,11,,,0
10005019,'1495742',1011,,2095,11,,,0
10005019,'1495743',1041,,2096,11,,,0
10005019,'1495744',1111,,2097,11,,,0
10005019,'1495745',1141,,2098,11,,,0
10005019,'1495746',1211,,2099,11,,,0
10005019,'1495747',1241,,2100,11,,,0
10005019,'1495748',1311,,2101,11,,,0
10005019,'1495749',1341,,2102,11,,,0
10005019,'1495750',1411,,2103,11,,,0
10005019,'1495751',1441,,2104,11,,,0
10005019,'1495752',1511,,2105,11,,,0
10005019,'1495753',1541,,2106,11,,,0
10005019,'1495754',1611,,2107,11,,,0
10005019,'1495755',1641,,2108,11,,,0
10005019,'1495756',1711,,2109,11,,,0
10005019,'1495757',1741,,2110,11,,,0
10005019,'1495758',1811,,2111,11,,,0
10005019,'1495759',1841,,2112,11,,,0
10005019,'1495761',1941,,2113,11,,,0
10005019,'1495763',2041,,2114,11,,,0
10005019,'1495765',2141,,2115,11,,,0
10005019,'1495767',2241,,2116,11,,,0
10005019,'1495769',541,,2117,11,,,0
10005019,'1495771',641,,2118,11,,,0
