6019,'1495151',916,,1704,15,,,0
6019,'1495153',1016,,1705,15,,,0
6019,'1495155',1116,,1706,15,,,0
6019,'1495157',1216,,1707,15,,,0
6019,'1495159',1316,,1708,15,,,0
6019,'1495161',1416,,1709,15,,,0
6019,'1495171',2046,,1710,15,,,0
6019,'1495173',2146,,1711,15,,,0
6019,'1495422',816,,1712,15,,,0
6019,'1495424',916,,1713,15,,,0
6019,'1495426',1016,,1714,15,,,0
6019,'1495428',1116,,1715,15,,,0
6019,'1495430',1216,,1716,15,,,0
6019,'1495432',1316,,1717,15,,,0
6019,'1495444',2046,,1718,15,,,0
6019,'1495446',2146,,1719,15,,,0
6019,'1495448',2246,,1720,15,,,0
6019,'1495803',946,,1721,15,,,0
6019,'1495805',1046,,1722,15,,,0
6019,'1495807',1146,,1723,15,,,0
6019,'1495809',1246,,1724,15,,,0
6019,'1495811',1346,,1725,15,,,0
6019,'1495813',1446,,1726,15,,,0
6019,'1495823',2116,,1727,15,,,0
6019,'1495825',2216,,1728,15,,,0
6019,'1495827',2316,,1729,15,,,0
6019,'1495834',916,,1730,15,,,0
6019,'1495836',1016,,1731,15,,,0
6019,'1495838',1116,,1732,15,,,0
6019,'1495840',1216,,1733,15,,,0
6019,'1495842',1316,,1734,15,,,0
6019,'1495844',1416,,1735,15,,,0
6029,'1495149',756,,1737,15,0,5,0
6029,'1495163',1516,,1745,15,0,5,0
6029,'1495165',1636,,1747,15,0,5,0
6029,'1495167',1756,,1749,15,0,5,0
6029,'1495169',1916,,1751,15,0,5,0
6029,'1495420',656,,1755,15,0,5,0
6029,'1495434',1416,,1763,15,0,5,0
6029,'1495436',1536,,1765,15,0,5,0
6029,'1495438',1656,,1767,15,0,5,0
6029,'1495440',1816,,1769,15,0,5,0
6029,'1495442',1936,,1771,15,0,5,0
6029,'1495797',556,,1776,15,0,5,0
6029,'1495799',716,,1778,15,0,5,0
6029,'1495801',836,,1780,15,0,5,0
6029,'1495815',1556,,1788,15,0,5,0
6029,'1495817',1716,,1790,15,0,5,0
6029,'1495819',1836,,1792,15,0,5,0
6029,'1495821',1956,,1794,15,0,5,0
6029,'1495828',516,,1798,15,0,5,0
6029,'1495830',636,,1800,15,0,5,0
6029,'1495832',756,,1802,15,0,5,0
6029,'1495846',1516,,1810,15,0,5,0
6029,'1495848',1636,,1812,15,0,5,0
6029,'1495850',1756,,1814,15,0,5,0
140000019,'1495223',2242,,2230,15,,,0
140000019,'1495507',2342,,2231,15,,,0
140000019,'1495910',2342,,2232,15,,,0
