4019,'1495085',725,,1604,6,,,0
4019,'1495088',845,,1605,6,,,0
4019,'1495091',1005,,1606,6,,,0
4019,'1495094',1125,,1607,6,,,0
4019,'1495097',1245,,1608,6,,,0
4019,'1495100',1405,,1609,6,,,0
4019,'1495103',1525,,1610,6,,,0
4019,'1495106',1645,,1611,6,,,0
4019,'1495109',1805,,1612,6,,,0
4019,'1495112',1925,,1613,6,,,0
4019,'1495115',2045,,1614,6,,,0
4019,'1495345',605,,1615,6,,,0
4019,'1495348',725,,1616,6,,,0
4019,'1495351',845,,1617,6,,,0
4019,'1495354',1005,,1618,6,,,0
4019,'1495357',1125,,1619,6,,,0
4019,'1495360',1245,,1620,6,,,0
4019,'1495363',1405,,1621,6,,,0
4019,'1495366',1525,,1622,6,,,0
4019,'1495369',1645,,1623,6,,,0
4019,'1495372',1805,,1624,6,,,0
4019,'1495375',1925,,1625,6,,,0
4019,'1495378',2045,,1626,6,,,0
4019,'1495381',2205,,1627,6,,,0
4019,'1495383',2245,,1628,6,,,0
4019,'1495685',545,,1629,6,,,0
4019,'1495687',625,,1630,6,,,0
4019,'1495689',705,,1631,6,,,0
4019,'1495691',745,,1632,6,,,0
4019,'1495693',825,,1633,6,,,0
4019,'1495695',905,,1634,6,,,0
4019,'1495697',945,,1635,6,,,0
4019,'1495699',1025,,1636,6,,,0
4019,'1495701',1105,,1637,6,,,0
4019,'1495703',1145,,1638,6,,,0
4019,'1495705',1225,,1639,6,,,0
4019,'1495707',1305,,1640,6,,,0
4019,'1495709',1345,,1641,6,,,0
4019,'1495711',1425,,1642,6,,,0
4019,'1495713',1505,,1643,6,,,0
4019,'1495715',1545,,1644,6,,,0
4019,'1495717',1625,,1645,6,,,0
4019,'1495719',1705,,1646,6,,,0
4019,'1495721',1745,,1647,6,,,0
4019,'1495723',1825,,1648,6,,,0
4019,'1495725',1905,,1649,6,,,0
4019,'1495727',1945,,1650,6,,,0
4019,'1495729',2025,,1651,6,,,0
4019,'1495731',2105,,1652,6,,,0
4019,'1495734',2225,,1653,6,,,0
