6019,'1495151',916,,1704,16,,,0
6019,'1495153',1016,,1705,16,,,0
6019,'1495155',1116,,1706,16,,,0
6019,'1495157',1216,,1707,16,,,0
6019,'1495159',1316,,1708,16,,,0
6019,'1495161',1416,,1709,16,,,0
6019,'1495171',2046,,1710,16,,,0
6019,'1495173',2146,,1711,16,,,0
6019,'1495422',816,,1712,16,,,0
6019,'1495424',916,,1713,16,,,0
6019,'1495426',1016,,1714,16,,,0
6019,'1495428',1116,,1715,16,,,0
6019,'1495430',1216,,1716,16,,,0
6019,'1495432',1316,,1717,16,,,0
6019,'1495444',2046,,1718,16,,,0
6019,'1495446',2146,,1719,16,,,0
6019,'1495448',2246,,1720,16,,,0
6019,'1495803',946,,1721,16,,,0
6019,'1495805',1046,,1722,16,,,0
6019,'1495807',1146,,1723,16,,,0
6019,'1495809',1246,,1724,16,,,0
6019,'1495811',1346,,1725,16,,,0
6019,'1495813',1446,,1726,16,,,0
6019,'1495823',2116,,1727,16,,,0
6019,'1495825',2216,,1728,16,,,0
6019,'1495827',2316,,1729,16,,,0
6019,'1495834',916,,1730,16,,,0
6019,'1495836',1016,,1731,16,,,0
6019,'1495838',1116,,1732,16,,,0
6019,'1495840',1216,,1733,16,,,0
6019,'1495842',1316,,1734,16,,,0
6019,'1495844',1416,,1735,16,,,0
6029,'1495149',806,,1737,23,0,5,0
6029,'1495163',1526,,1745,23,0,5,0
6029,'1495165',1646,,1747,23,0,5,0
6029,'1495167',1806,,1749,23,0,5,0
6029,'1495169',1926,,1751,23,0,5,0
6029,'1495420',706,,1755,23,0,5,0
6029,'1495434',1426,,1763,23,0,5,0
6029,'1495436',1546,,1765,23,0,5,0
6029,'1495438',1706,,1767,23,0,5,0
6029,'1495440',1826,,1769,23,0,5,0
6029,'1495442',1946,,1771,23,0,5,0
6029,'1495797',606,,1776,23,0,5,0
6029,'1495799',726,,1778,23,0,5,0
6029,'1495801',846,,1780,23,0,5,0
6029,'1495815',1606,,1788,23,0,5,0
6029,'1495817',1726,,1790,23,0,5,0
6029,'1495819',1846,,1792,23,0,5,0
6029,'1495821',2006,,1794,23,0,5,0
6029,'1495828',526,,1798,23,0,5,0
6029,'1495830',646,,1800,23,0,5,0
6029,'1495832',806,,1802,23,0,5,0
6029,'1495846',1526,,1810,23,0,5,0
6029,'1495848',1646,,1812,23,0,5,0
6029,'1495850',1806,,1814,23,0,5,0
140000019,'1495223',2243,,2230,16,,,0
140000019,'1495507',2343,,2231,16,,,0
140000019,'1495910',2343,,2232,16,,,0
