8019,'1495087',817,,1960,13,,,0
8019,'1495090',937,,1961,13,,,0
8019,'1495093',1057,,1962,13,,,0
8019,'1495096',1217,,1963,13,,,0
8019,'1495099',1337,,1964,13,,,0
8019,'1495102',1457,,1965,13,,,0
8019,'1495105',1617,,1966,13,,,0
8019,'1495108',1737,,1967,13,,,0
8019,'1495111',1857,,1968,13,,,0
8019,'1495114',2017,,1969,13,,,0
8019,'1495117',2137,,1970,13,,,0
8019,'1495190',1137,,1971,13,,,0
8019,'1495347',657,,1972,13,,,0
8019,'1495350',817,,1973,13,,,0
8019,'1495353',937,,1974,13,,,0
8019,'1495356',1057,,1975,13,,,0
8019,'1495359',1217,,1976,13,,,0
8019,'1495362',1337,,1977,13,,,0
8019,'1495365',1457,,1978,13,,,0
8019,'1495368',1617,,1979,13,,,0
8019,'1495371',1737,,1980,13,,,0
8019,'1495374',1857,,1981,13,,,0
8019,'1495377',2017,,1982,13,,,0
8019,'1495380',2137,,1983,13,,,0
8019,'1495733',2157,,1984,13,,,0
8019,'1495911',637,,1985,13,,,0
8019,'1495912',717,,1986,13,,,0
8019,'1495913',757,,1987,13,,,0
8019,'1495914',837,,1988,13,,,0
8019,'1495915',917,,1989,13,,,0
8019,'1495916',957,,1990,13,,,0
8019,'1495917',1037,,1991,13,,,0
8019,'1495918',1117,,1992,13,,,0
8019,'1495919',1157,,1993,13,,,0
8019,'1495920',1237,,1994,13,,,0
8019,'1495921',1317,,1995,13,,,0
8019,'1495922',1357,,1996,13,,,0
8019,'1495923',1437,,1997,13,,,0
8019,'1495924',1517,,1998,13,,,0
8019,'1495925',1557,,1999,13,,,0
8019,'1495926',1637,,2000,13,,,0
8019,'1495927',1717,,2001,13,,,0
8019,'1495928',1757,,2002,13,,,0
8019,'1495929',1837,,2003,13,,,0
8019,'1495930',1917,,2004,13,,,0
8019,'1495931',1957,,2005,13,,,0
8019,'1495932',2037,,2006,13,,,0
