1019,'1494978',1008,,1278,7,,,0
1019,'1494980',1038,,1279,7,,,0
1019,'1494982',1112,,1280,7,,,0
1019,'1494984',1152,,1281,7,,,0
1019,'1494986',1232,,1282,7,,,0
1019,'1494988',1312,,1283,7,,,0
1019,'1494990',1352,,1284,7,,,0
1019,'1494992',1432,,1285,7,,,0
1019,'1494994',1512,,1286,7,,,0
1019,'1494996',1552,,1287,7,,,0
1019,'1494998',1632,,1288,7,,,0
1019,'1495000',1708,,1289,7,,,0
1019,'1495002',1738,,1290,7,,,0
1019,'1495004',1808,,1291,7,,,0
1019,'1495046',1838,,1292,7,,,0
1019,'1495050',1938,,1293,7,,,0
1019,'1495054',2038,,1294,7,,,0
1019,'1495058',2138,,1295,7,,,0
1019,'1495176',738,,1296,7,,,0
1019,'1495180',838,,1297,7,,,0
1019,'1495184',938,,1298,7,,,0
1019,'1495224',608,,1299,7,,,0
1019,'1495228',708,,1300,7,,,0
1019,'1495284',908,,1301,7,,,0
1019,'1495286',938,,1302,7,,,0
1019,'1495288',1008,,1303,7,,,0
1019,'1495290',1038,,1304,7,,,0
1019,'1495292',1112,,1305,7,,,0
1019,'1495294',1152,,1306,7,,,0
1019,'1495296',1232,,1307,7,,,0
1019,'1495298',1312,,1308,7,,,0
1019,'1495300',1352,,1309,7,,,0
1019,'1495302',1432,,1310,7,,,0
1019,'1495304',1512,,1311,7,,,0
1019,'1495306',1552,,1312,7,,,0
1019,'1495308',1632,,1313,7,,,0
1019,'1495310',1712,,1314,7,,,0
1019,'1495312',1752,,1315,7,,,0
1019,'1495314',1832,,1316,7,,,0
1019,'1495454',808,,1317,7,,,0
1019,'1495490',1908,,1318,7,,,0
1019,'1495494',2008,,1319,7,,,0
1019,'1495498',2108,,1320,7,,,0
1019,'1495502',2208,,1321,7,,,0
1019,'1495508',608,,1322,7,,,0
1019,'1495510',638,,1323,7,,,0
1019,'1495512',708,,1324,7,,,0
1019,'1495514',738,,1325,7,,,0
1019,'1495516',808,,1326,7,,,0
1019,'1495518',838,,1327,7,,,0
1019,'1495520',908,,1328,7,,,0
1019,'1495522',938,,1329,7,,,0
1019,'1495524',1008,,1330,7,,,0
1019,'1495526',1038,,1331,7,,,0
1019,'1495528',1112,,1332,7,,,0
1019,'1495530',1152,,1333,7,,,0
1019,'1495532',1232,,1334,7,,,0
1019,'1495534',1312,,1335,7,,,0
1019,'1495536',1352,,1336,7,,,0
1019,'1495538',1432,,1337,7,,,0
1019,'1495540',1512,,1338,7,,,0
1019,'1495542',1552,,1339,7,,,0
1019,'1495544',1632,,1340,7,,,0
1019,'1495546',1712,,1341,7,,,0
1019,'1495548',1752,,1342,7,,,0
1019,'1495550',1832,,1343,7,,,0
1019,'1495552',1908,,1344,7,,,0
1019,'1495554',1938,,1345,7,,,0
1019,'1495556',2008,,1346,7,,,0
1019,'1495558',2038,,1347,7,,,0
1019,'1495560',2108,,1348,7,,,0
1019,'1495562',2138,,1349,7,,,0
1019,'1495564',2208,,1350,7,,,0
1019,'1495568',2308,,1351,7,,,0
