10005019,'1495119',734,,2057,4,,,0
10005019,'1495121',834,,2058,4,,,0
10005019,'1495123',934,,2059,4,,,0
10005019,'1495125',1034,,2060,4,,,0
10005019,'1495127',1134,,2061,4,,,0
10005019,'1495129',1234,,2062,4,,,0
10005019,'1495131',1334,,2063,4,,,0
10005019,'1495133',1434,,2064,4,,,0
10005019,'1495135',1534,,2065,4,,,0
10005019,'1495137',1634,,2066,4,,,0
10005019,'1495139',1734,,2067,4,,,0
10005019,'1495141',1834,,2068,4,,,0
10005019,'1495143',1934,,2069,4,,,0
10005019,'1495145',2034,,2070,4,,,0
10005019,'1495147',2134,,2071,4,,,0
10005019,'1495386',634,,2072,4,,,0
10005019,'1495388',734,,2073,4,,,0
10005019,'1495390',834,,2074,4,,,0
10005019,'1495392',934,,2075,4,,,0
10005019,'1495394',1034,,2076,4,,,0
10005019,'1495396',1134,,2077,4,,,0
10005019,'1495398',1234,,2078,4,,,0
10005019,'1495400',1334,,2079,4,,,0
10005019,'1495402',1434,,2080,4,,,0
10005019,'1495404',1534,,2081,4,,,0
10005019,'1495406',1634,,2082,4,,,0
10005019,'1495408',1734,,2083,4,,,0
10005019,'1495410',1834,,2084,4,,,0
10005019,'1495412',1934,,2085,4,,,0
10005019,'1495414',2034,,2086,4,,,0
10005019,'1495416',2134,,2087,4,,,0
10005019,'1495418',2234,,2088,4,,,0
10005019,'1495736',704,,2089,4,,,0
10005019,'1495737',734,,2090,4,,,0
10005019,'1495738',804,,2091,4,,,0
10005019,'1495739',834,,2092,4,,,0
10005019,'1495740',904,,2093,4,,,0
10005019,'1495741',934,,2094,4,,,0
10005019,'1495742',1004,,2095,4,,,0
10005019,'1495743',1034,,2096,4,,,0
10005019,'1495744',1104,,2097,4,,,0
10005019,'1495745',1134,,2098,4,,,0
10005019,'1495746',1204,,2099,4,,,0
10005019,'1495747',1234,,2100,4,,,0
10005019,'1495748',1304,,2101,4,,,0
10005019,'1495749',1334,,2102,4,,,0
10005019,'1495750',1404,,2103,4,,,0
10005019,'1495751',1434,,2104,4,,,0
10005019,'1495752',1504,,2105,4,,,0
10005019,'1495753',1534,,2106,4,,,0
10005019,'1495754',1604,,2107,4,,,0
10005019,'1495755',1634,,2108,4,,,0
10005019,'1495756',1704,,2109,4,,,0
10005019,'1495757',1734,,2110,4,,,0
10005019,'1495758',1804,,2111,4,,,0
10005019,'1495759',1834,,2112,4,,,0
10005019,'1495761',1934,,2113,4,,,0
10005019,'1495763',2034,,2114,4,,,0
10005019,'1495765',2134,,2115,4,,,0
10005019,'1495767',2234,,2116,4,,,0
10005019,'1495769',534,,2117,4,,,0
10005019,'1495771',634,,2118,4,,,0
