1019,'1494978',1006,,1278,5,,,0
1019,'1494980',1036,,1279,5,,,0
1019,'1494982',1108,,1280,5,,,0
1019,'1494984',1148,,1281,5,,,0
1019,'1494986',1228,,1282,5,,,0
1019,'1494988',1308,,1283,5,,,0
1019,'1494990',1348,,1284,5,,,0
1019,'1494992',1428,,1285,5,,,0
1019,'1494994',1508,,1286,5,,,0
1019,'1494996',1548,,1287,5,,,0
1019,'1494998',1628,,1288,5,,,0
1019,'1495000',1706,,1289,5,,,0
1019,'1495002',1736,,1290,5,,,0
1019,'1495004',1806,,1291,5,,,0
1019,'1495046',1836,,1292,5,,,0
1019,'1495050',1936,,1293,5,,,0
1019,'1495054',2036,,1294,5,,,0
1019,'1495058',2136,,1295,5,,,0
1019,'1495176',736,,1296,5,,,0
1019,'1495180',836,,1297,5,,,0
1019,'1495184',936,,1298,5,,,0
1019,'1495224',606,,1299,5,,,0
1019,'1495228',706,,1300,5,,,0
1019,'1495284',906,,1301,5,,,0
1019,'1495286',936,,1302,5,,,0
1019,'1495288',1006,,1303,5,,,0
1019,'1495290',1036,,1304,5,,,0
1019,'1495292',1108,,1305,5,,,0
1019,'1495294',1148,,1306,5,,,0
1019,'1495296',1228,,1307,5,,,0
1019,'1495298',1308,,1308,5,,,0
1019,'1495300',1348,,1309,5,,,0
1019,'1495302',1428,,1310,5,,,0
1019,'1495304',1508,,1311,5,,,0
1019,'1495306',1548,,1312,5,,,0
1019,'1495308',1628,,1313,5,,,0
1019,'1495310',1708,,1314,5,,,0
1019,'1495312',1748,,1315,5,,,0
1019,'1495314',1828,,1316,5,,,0
1019,'1495454',806,,1317,5,,,0
1019,'1495490',1906,,1318,5,,,0
1019,'1495494',2006,,1319,5,,,0
1019,'1495498',2106,,1320,5,,,0
1019,'1495502',2206,,1321,5,,,0
1019,'1495508',606,,1322,5,,,0
1019,'1495510',636,,1323,5,,,0
1019,'1495512',706,,1324,5,,,0
1019,'1495514',736,,1325,5,,,0
1019,'1495516',806,,1326,5,,,0
1019,'1495518',836,,1327,5,,,0
1019,'1495520',906,,1328,5,,,0
1019,'1495522',936,,1329,5,,,0
1019,'1495524',1006,,1330,5,,,0
1019,'1495526',1036,,1331,5,,,0
1019,'1495528',1108,,1332,5,,,0
1019,'1495530',1148,,1333,5,,,0
1019,'1495532',1228,,1334,5,,,0
1019,'1495534',1308,,1335,5,,,0
1019,'1495536',1348,,1336,5,,,0
1019,'1495538',1428,,1337,5,,,0
1019,'1495540',1508,,1338,5,,,0
1019,'1495542',1548,,1339,5,,,0
1019,'1495544',1628,,1340,5,,,0
1019,'1495546',1708,,1341,5,,,0
1019,'1495548',1748,,1342,5,,,0
1019,'1495550',1828,,1343,5,,,0
1019,'1495552',1906,,1344,5,,,0
1019,'1495554',1936,,1345,5,,,0
1019,'1495556',2006,,1346,5,,,0
1019,'1495558',2036,,1347,5,,,0
1019,'1495560',2106,,1348,5,,,0
1019,'1495562',2136,,1349,5,,,0
1019,'1495564',2206,,1350,5,,,0
1019,'1495568',2306,,1351,5,,,0
