2019,'1495006',708,,1426,11,,,0
2019,'1495008',738,,1427,11,,,0
2019,'1495010',808,,1428,11,,,0
2019,'1495012',838,,1429,11,,,0
2019,'1495014',908,,1430,11,,,0
2019,'1495016',938,,1431,11,,,0
2019,'1495018',1008,,1432,11,,,0
2019,'1495020',1038,,1433,11,,,0
2019,'1495022',1111,,1434,11,,,0
2019,'1495024',1151,,1435,11,,,0
2019,'1495026',1231,,1436,11,,,0
2019,'1495028',1311,,1437,11,,,0
2019,'1495030',1351,,1438,11,,,0
2019,'1495032',1431,,1439,11,,,0
2019,'1495034',1511,,1440,11,,,0
2019,'1495036',1551,,1441,11,,,0
2019,'1495038',1631,,1442,11,,,0
2019,'1495040',1708,,1443,11,,,0
2019,'1495042',1738,,1444,11,,,0
2019,'1495044',1808,,1445,11,,,0
2019,'1495048',1908,,1446,11,,,0
2019,'1495052',2008,,1447,11,,,0
2019,'1495056',2108,,1448,11,,,0
2019,'1495060',2208,,1449,11,,,0
2019,'1495226',638,,1450,11,,,0
2019,'1495230',738,,1451,11,,,0
2019,'1495232',808,,1452,11,,,0
2019,'1495234',838,,1453,11,,,0
2019,'1495236',908,,1454,11,,,0
2019,'1495238',938,,1455,11,,,0
2019,'1495240',1008,,1456,11,,,0
2019,'1495242',1038,,1457,11,,,0
2019,'1495244',1111,,1458,11,,,0
2019,'1495246',1151,,1459,11,,,0
2019,'1495248',1231,,1460,11,,,0
2019,'1495250',1311,,1461,11,,,0
2019,'1495252',1351,,1462,11,,,0
2019,'1495254',1431,,1463,11,,,0
2019,'1495256',1511,,1464,11,,,0
2019,'1495258',1551,,1465,11,,,0
2019,'1495260',1631,,1466,11,,,0
2019,'1495262',1711,,1467,11,,,0
2019,'1495264',1751,,1468,11,,,0
2019,'1495266',1831,,1469,11,,,0
2019,'1495268',1908,,1470,11,,,0
2019,'1495270',1938,,1471,11,,,0
2019,'1495272',2008,,1472,11,,,0
2019,'1495274',2038,,1473,11,,,0
2019,'1495276',2108,,1474,11,,,0
2019,'1495278',2138,,1475,11,,,0
2019,'1495280',2208,,1476,11,,,0
2019,'1495282',2238,,1477,11,,,0
2019,'1495566',2238,,1478,11,,,0
2019,'1495570',508,,1479,11,,,0
2019,'1495572',538,,1480,11,,,0
2019,'1495574',608,,1481,11,,,0
2019,'1495576',638,,1482,11,,,0
2019,'1495578',708,,1483,11,,,0
2019,'1495580',738,,1484,11,,,0
2019,'1495582',808,,1485,11,,,0
2019,'1495584',838,,1486,11,,,0
2019,'1495586',908,,1487,11,,,0
2019,'1495588',938,,1488,11,,,0
2019,'1495590',1008,,1489,11,,,0
2019,'1495592',1038,,1490,11,,,0
2019,'1495594',1111,,1491,11,,,0
2019,'1495596',1151,,1492,11,,,0
2019,'1495598',1231,,1493,11,,,0
2019,'1495600',1311,,1494,11,,,0
2019,'1495602',1351,,1495,11,,,0
2019,'1495604',1431,,1496,11,,,0
2019,'1495606',1511,,1497,11,,,0
2019,'1495608',1551,,1498,11,,,0
2019,'1495610',1631,,1499,11,,,0
2019,'1495612',1711,,1500,11,,,0
2019,'1495614',1751,,1501,11,,,0
2019,'1495616',1831,,1502,11,,,0
2019,'1495618',1908,,1503,11,,,0
2019,'1495620',1938,,1504,11,,,0
2019,'1495622',2008,,1505,11,,,0
2019,'1495624',2038,,1506,11,,,0
2019,'1495626',2108,,1507,11,,,0
2019,'1495628',2138,,1508,11,,,0
2019,'1495673',1411,,1509,11,,,0
2019,'1495675',1451,,1510,11,,,0
2019,'1495677',1531,,1511,11,,,0
2019,'1495679',1611,,1512,11,,,0
2019,'1495681',1651,,1513,11,,,0
2019,'1495683',1731,,1514,11,,,0
