10005019,'1495119',751,,2057,19,,,0
10005019,'1495121',851,,2058,19,,,0
10005019,'1495123',951,,2059,19,,,0
10005019,'1495125',1051,,2060,19,,,0
10005019,'1495127',1151,,2061,19,,,0
10005019,'1495129',1251,,2062,19,,,0
10005019,'1495131',1351,,2063,19,,,0
10005019,'1495133',1451,,2064,19,,,0
10005019,'1495135',1551,,2065,19,,,0
10005019,'1495137',1651,,2066,19,,,0
10005019,'1495139',1751,,2067,19,,,0
10005019,'1495141',1851,,2068,19,,,0
10005019,'1495143',1951,,2069,19,,,0
10005019,'1495145',2051,,2070,19,,,0
10005019,'1495147',2151,,2071,19,,,0
10005019,'1495386',651,,2072,19,,,0
10005019,'1495388',751,,2073,19,,,0
10005019,'1495390',851,,2074,19,,,0
10005019,'1495392',951,,2075,19,,,0
10005019,'1495394',1051,,2076,19,,,0
10005019,'1495396',1151,,2077,19,,,0
10005019,'1495398',1251,,2078,19,,,0
10005019,'1495400',1351,,2079,19,,,0
10005019,'1495402',1451,,2080,19,,,0
10005019,'1495404',1551,,2081,19,,,0
10005019,'1495406',1651,,2082,19,,,0
10005019,'1495408',1751,,2083,19,,,0
10005019,'1495410',1851,,2084,19,,,0
10005019,'1495412',1951,,2085,19,,,0
10005019,'1495414',2051,,2086,19,,,0
10005019,'1495416',2151,,2087,19,,,0
10005019,'1495418',2251,,2088,19,,,0
10005019,'1495736',721,,2089,19,,,0
10005019,'1495737',751,,2090,19,,,0
10005019,'1495738',821,,2091,19,,,0
10005019,'1495739',851,,2092,19,,,0
10005019,'1495740',921,,2093,19,,,0
10005019,'1495741',951,,2094,19,,,0
10005019,'1495742',1021,,2095,19,,,0
10005019,'1495743',1051,,2096,19,,,0
10005019,'1495744',1121,,2097,19,,,0
10005019,'1495745',1151,,2098,19,,,0
10005019,'1495746',1221,,2099,19,,,0
10005019,'1495747',1251,,2100,19,,,0
10005019,'1495748',1321,,2101,19,,,0
10005019,'1495749',1351,,2102,19,,,0
10005019,'1495750',1421,,2103,19,,,0
10005019,'1495751',1451,,2104,19,,,0
10005019,'1495752',1521,,2105,19,,,0
10005019,'1495753',1551,,2106,19,,,0
10005019,'1495754',1621,,2107,19,,,0
10005019,'1495755',1651,,2108,19,,,0
10005019,'1495756',1721,,2109,19,,,0
10005019,'1495757',1751,,2110,19,,,0
10005019,'1495758',1821,,2111,19,,,0
10005019,'1495759',1851,,2112,19,,,0
10005019,'1495761',1951,,2113,19,,,0
10005019,'1495763',2051,,2114,19,,,0
10005019,'1495765',2151,,2115,19,,,0
10005019,'1495767',2251,,2116,19,,,0
10005019,'1495769',551,,2117,19,,,0
10005019,'1495771',651,,2118,19,,,0
