30005019,'1495118',704,,2168,5,,,0
30005019,'1495120',804,,2169,5,,,0
30005019,'1495122',904,,2170,5,,,0
30005019,'1495124',1004,,2171,5,,,0
30005019,'1495126',1104,,2172,5,,,0
30005019,'1495128',1204,,2173,5,,,0
30005019,'1495130',1304,,2174,5,,,0
30005019,'1495132',1404,,2175,5,,,0
30005019,'1495134',1504,,2176,5,,,0
30005019,'1495136',1604,,2177,5,,,0
30005019,'1495138',1704,,2178,5,,,0
30005019,'1495140',1804,,2179,5,,,0
30005019,'1495142',1904,,2180,5,,,0
30005019,'1495144',2004,,2181,5,,,0
30005019,'1495146',2104,,2182,5,,,0
30005019,'1495385',604,,2183,5,,,0
30005019,'1495387',704,,2184,5,,,0
30005019,'1495389',804,,2185,5,,,0
30005019,'1495391',904,,2186,5,,,0
30005019,'1495393',1004,,2187,5,,,0
30005019,'1495395',1104,,2188,5,,,0
30005019,'1495397',1204,,2189,5,,,0
30005019,'1495399',1304,,2190,5,,,0
30005019,'1495401',1404,,2191,5,,,0
30005019,'1495403',1504,,2192,5,,,0
30005019,'1495405',1604,,2193,5,,,0
30005019,'1495407',1704,,2194,5,,,0
30005019,'1495409',1804,,2195,5,,,0
30005019,'1495411',1904,,2196,5,,,0
30005019,'1495413',2004,,2197,5,,,0
30005019,'1495415',2104,,2198,5,,,0
30005019,'1495417',2204,,2199,5,,,0
30005019,'1495760',1904,,2200,5,,,0
30005019,'1495762',2004,,2201,5,,,0
30005019,'1495764',2104,,2202,5,,,0
30005019,'1495766',2204,,2203,5,,,0
30005019,'1495768',504,,2204,5,,,0
30005019,'1495770',604,,2205,5,,,0
30005019,'1495772',704,,2206,5,,,0
30005019,'1495773',734,,2207,5,,,0
30005019,'1495774',804,,2208,5,,,0
30005019,'1495775',834,,2209,5,,,0
30005019,'1495776',904,,2210,5,,,0
30005019,'1495777',934,,2211,5,,,0
30005019,'1495778',1004,,2212,5,,,0
30005019,'1495779',1034,,2213,5,,,0
30005019,'1495780',1104,,2214,5,,,0
30005019,'1495781',1134,,2215,5,,,0
30005019,'1495782',1204,,2216,5,,,0
30005019,'1495783',1234,,2217,5,,,0
30005019,'1495784',1304,,2218,5,,,0
30005019,'1495785',1334,,2219,5,,,0
30005019,'1495786',1404,,2220,5,,,0
30005019,'1495787',1434,,2221,5,,,0
30005019,'1495788',1504,,2222,5,,,0
30005019,'1495789',1534,,2223,5,,,0
30005019,'1495790',1604,,2224,5,,,0
30005019,'1495791',1634,,2225,5,,,0
30005019,'1495792',1704,,2226,5,,,0
30005019,'1495793',1734,,2227,5,,,0
30005019,'1495794',1804,,2228,5,,,0
30005019,'1495795',1834,,2229,5,,,0
