6029,'1495148',712,,1736,15,,,0
6029,'1495150',832,,1738,15,,,0
6029,'1495152',942,,1739,15,,,0
6029,'1495154',1042,,1740,15,,,0
6029,'1495156',1142,,1741,15,,,0
6029,'1495158',1242,,1742,15,,,0
6029,'1495160',1342,,1743,15,,,0
6029,'1495162',1442,,1744,15,,,0
6029,'1495164',1552,,1746,15,,,0
6029,'1495166',1712,,1748,15,,,0
6029,'1495168',1832,,1750,15,,,0
6029,'1495170',1952,,1752,15,,,0
6029,'1495172',2112,,1753,15,,,0
6029,'1495419',612,,1754,15,,,0
6029,'1495421',732,,1756,15,,,0
6029,'1495423',842,,1757,15,,,0
6029,'1495425',942,,1758,15,,,0
6029,'1495427',1042,,1759,15,,,0
6029,'1495429',1142,,1760,15,,,0
6029,'1495431',1242,,1761,15,,,0
6029,'1495433',1342,,1762,15,,,0
6029,'1495435',1452,,1764,15,,,0
6029,'1495437',1612,,1766,15,,,0
6029,'1495439',1732,,1768,15,,,0
6029,'1495441',1852,,1770,15,,,0
6029,'1495443',2012,,1772,15,,,0
6029,'1495445',2112,,1773,15,,,0
6029,'1495447',2212,,1774,15,,,0
6029,'1495796',512,,1775,15,,,0
6029,'1495798',632,,1777,15,,,0
6029,'1495800',752,,1779,15,,,0
6029,'1495802',912,,1781,15,,,0
6029,'1495804',1012,,1782,15,,,0
6029,'1495806',1112,,1783,15,,,0
6029,'1495808',1212,,1784,15,,,0
6029,'1495810',1312,,1785,15,,,0
6029,'1495812',1412,,1786,15,,,0
6029,'1495814',1512,,1787,15,,,0
6029,'1495816',1632,,1789,15,,,0
6029,'1495818',1752,,1791,15,,,0
6029,'1495820',1912,,1793,15,,,0
6029,'1495822',2042,,1795,15,,,0
6029,'1495824',2142,,1796,15,,,0
6029,'1495826',2242,,1797,15,,,0
6029,'1495829',552,,1799,15,,,0
6029,'1495831',712,,1801,15,,,0
6029,'1495833',832,,1803,15,,,0
6029,'1495835',942,,1804,15,,,0
6029,'1495837',1042,,1805,15,,,0
6029,'1495839',1142,,1806,15,,,0
6029,'1495841',1242,,1807,15,,,0
6029,'1495843',1342,,1808,15,,,0
6029,'1495845',1442,,1809,15,,,0
6029,'1495847',1552,,1811,15,,,0
6029,'1495849',1712,,1813,15,,,0
