6029,'1495148',725,,1736,26,,,0
6029,'1495150',845,,1738,26,,,0
6029,'1495152',946,,1739,19,,,0
6029,'1495154',1046,,1740,19,,,0
6029,'1495156',1146,,1741,19,,,0
6029,'1495158',1246,,1742,19,,,0
6029,'1495160',1346,,1743,19,,,0
6029,'1495162',1446,,1744,19,,,0
6029,'1495164',1605,,1746,26,,,0
6029,'1495166',1725,,1748,26,,,0
6029,'1495168',1845,,1750,26,,,0
6029,'1495170',2005,,1752,26,,,0
6029,'1495172',2116,,1753,19,,,0
6029,'1495419',625,,1754,26,,,0
6029,'1495421',745,,1756,26,,,0
6029,'1495423',846,,1757,19,,,0
6029,'1495425',946,,1758,19,,,0
6029,'1495427',1046,,1759,19,,,0
6029,'1495429',1146,,1760,19,,,0
6029,'1495431',1246,,1761,19,,,0
6029,'1495433',1346,,1762,19,,,0
6029,'1495435',1505,,1764,26,,,0
6029,'1495437',1625,,1766,26,,,0
6029,'1495439',1745,,1768,26,,,0
6029,'1495441',1905,,1770,26,,,0
6029,'1495443',2016,,1772,19,,,0
6029,'1495445',2116,,1773,19,,,0
6029,'1495447',2216,,1774,19,,,0
6029,'1495796',525,,1775,26,,,0
6029,'1495798',645,,1777,26,,,0
6029,'1495800',805,,1779,26,,,0
6029,'1495802',916,,1781,19,,,0
6029,'1495804',1016,,1782,19,,,0
6029,'1495806',1116,,1783,19,,,0
6029,'1495808',1216,,1784,19,,,0
6029,'1495810',1316,,1785,19,,,0
6029,'1495812',1416,,1786,19,,,0
6029,'1495814',1525,,1787,26,,,0
6029,'1495816',1645,,1789,26,,,0
6029,'1495818',1805,,1791,26,,,0
6029,'1495820',1925,,1793,26,,,0
6029,'1495822',2046,,1795,19,,,0
6029,'1495824',2146,,1796,19,,,0
6029,'1495826',2246,,1797,19,,,0
6029,'1495829',605,,1799,26,,,0
6029,'1495831',725,,1801,26,,,0
6029,'1495833',845,,1803,26,,,0
6029,'1495835',946,,1804,19,,,0
6029,'1495837',1046,,1805,19,,,0
6029,'1495839',1146,,1806,19,,,0
6029,'1495841',1246,,1807,19,,,0
6029,'1495843',1346,,1808,19,,,0
6029,'1495845',1446,,1809,19,,,0
6029,'1495847',1605,,1811,26,,,0
6029,'1495849',1725,,1813,26,,,0
