30005019,'1495118',716,,2168,16,,,0
30005019,'1495120',816,,2169,16,,,0
30005019,'1495122',916,,2170,16,,,0
30005019,'1495124',1016,,2171,16,,,0
30005019,'1495126',1116,,2172,16,,,0
30005019,'1495128',1216,,2173,16,,,0
30005019,'1495130',1316,,2174,16,,,0
30005019,'1495132',1416,,2175,16,,,0
30005019,'1495134',1516,,2176,16,,,0
30005019,'1495136',1616,,2177,16,,,0
30005019,'1495138',1716,,2178,16,,,0
30005019,'1495140',1816,,2179,16,,,0
30005019,'1495142',1916,,2180,16,,,0
30005019,'1495144',2016,,2181,16,,,0
30005019,'1495146',2116,,2182,16,,,0
30005019,'1495385',616,,2183,16,,,0
30005019,'1495387',716,,2184,16,,,0
30005019,'1495389',816,,2185,16,,,0
30005019,'1495391',916,,2186,16,,,0
30005019,'1495393',1016,,2187,16,,,0
30005019,'1495395',1116,,2188,16,,,0
30005019,'1495397',1216,,2189,16,,,0
30005019,'1495399',1316,,2190,16,,,0
30005019,'1495401',1416,,2191,16,,,0
30005019,'1495403',1516,,2192,16,,,0
30005019,'1495405',1616,,2193,16,,,0
30005019,'1495407',1716,,2194,16,,,0
30005019,'1495409',1816,,2195,16,,,0
30005019,'1495411',1916,,2196,16,,,0
30005019,'1495413',2016,,2197,16,,,0
30005019,'1495415',2116,,2198,16,,,0
30005019,'1495417',2216,,2199,16,,,0
30005019,'1495760',1916,,2200,16,,,0
30005019,'1495762',2016,,2201,16,,,0
30005019,'1495764',2116,,2202,16,,,0
30005019,'1495766',2216,,2203,16,,,0
30005019,'1495768',516,,2204,16,,,0
30005019,'1495770',616,,2205,16,,,0
30005019,'1495772',716,,2206,16,,,0
30005019,'1495773',746,,2207,16,,,0
30005019,'1495774',816,,2208,16,,,0
30005019,'1495775',846,,2209,16,,,0
30005019,'1495776',916,,2210,16,,,0
30005019,'1495777',946,,2211,16,,,0
30005019,'1495778',1016,,2212,16,,,0
30005019,'1495779',1046,,2213,16,,,0
30005019,'1495780',1116,,2214,16,,,0
30005019,'1495781',1146,,2215,16,,,0
30005019,'1495782',1216,,2216,16,,,0
30005019,'1495783',1246,,2217,16,,,0
30005019,'1495784',1316,,2218,16,,,0
30005019,'1495785',1346,,2219,16,,,0
30005019,'1495786',1416,,2220,16,,,0
30005019,'1495787',1446,,2221,16,,,0
30005019,'1495788',1516,,2222,16,,,0
30005019,'1495789',1546,,2223,16,,,0
30005019,'1495790',1616,,2224,16,,,0
30005019,'1495791',1646,,2225,16,,,0
30005019,'1495792',1716,,2226,16,,,0
30005019,'1495793',1746,,2227,16,,,0
30005019,'1495794',1816,,2228,16,,,0
30005019,'1495795',1846,,2229,16,,,0
