2019,'1495006',702,,1426,3,,,0
2019,'1495008',732,,1427,3,,,0
2019,'1495010',802,,1428,3,,,0
2019,'1495012',832,,1429,3,,,0
2019,'1495014',902,,1430,3,,,0
2019,'1495016',932,,1431,3,,,0
2019,'1495018',1002,,1432,3,,,0
2019,'1495020',1032,,1433,3,,,0
2019,'1495022',1102,,1434,3,,,0
2019,'1495024',1142,,1435,3,,,0
2019,'1495026',1222,,1436,3,,,0
2019,'1495028',1302,,1437,3,,,0
2019,'1495030',1342,,1438,3,,,0
2019,'1495032',1422,,1439,3,,,0
2019,'1495034',1502,,1440,3,,,0
2019,'1495036',1542,,1441,3,,,0
2019,'1495038',1622,,1442,3,,,0
2019,'1495040',1702,,1443,3,,,0
2019,'1495042',1732,,1444,3,,,0
2019,'1495044',1802,,1445,3,,,0
2019,'1495048',1902,,1446,3,,,0
2019,'1495052',2002,,1447,3,,,0
2019,'1495056',2102,,1448,3,,,0
2019,'1495060',2202,,1449,3,,,0
2019,'1495226',632,,1450,3,,,0
2019,'1495230',732,,1451,3,,,0
2019,'1495232',802,,1452,3,,,0
2019,'1495234',832,,1453,3,,,0
2019,'1495236',902,,1454,3,,,0
2019,'1495238',932,,1455,3,,,0
2019,'1495240',1002,,1456,3,,,0
2019,'1495242',1032,,1457,3,,,0
2019,'1495244',1102,,1458,3,,,0
2019,'1495246',1142,,1459,3,,,0
2019,'1495248',1222,,1460,3,,,0
2019,'1495250',1302,,1461,3,,,0
2019,'1495252',1342,,1462,3,,,0
2019,'1495254',1422,,1463,3,,,0
2019,'1495256',1502,,1464,3,,,0
2019,'1495258',1542,,1465,3,,,0
2019,'1495260',1622,,1466,3,,,0
2019,'1495262',1702,,1467,3,,,0
2019,'1495264',1742,,1468,3,,,0
2019,'1495266',1822,,1469,3,,,0
2019,'1495268',1902,,1470,3,,,0
2019,'1495270',1932,,1471,3,,,0
2019,'1495272',2002,,1472,3,,,0
2019,'1495274',2032,,1473,3,,,0
2019,'1495276',2102,,1474,3,,,0
2019,'1495278',2132,,1475,3,,,0
2019,'1495280',2202,,1476,3,,,0
2019,'1495282',2232,,1477,3,,,0
2019,'1495566',2232,,1478,3,,,0
2019,'1495570',502,,1479,3,,,0
2019,'1495572',532,,1480,3,,,0
2019,'1495574',602,,1481,3,,,0
2019,'1495576',632,,1482,3,,,0
2019,'1495578',702,,1483,3,,,0
2019,'1495580',732,,1484,3,,,0
2019,'1495582',802,,1485,3,,,0
2019,'1495584',832,,1486,3,,,0
2019,'1495586',902,,1487,3,,,0
2019,'1495588',932,,1488,3,,,0
2019,'1495590',1002,,1489,3,,,0
2019,'1495592',1032,,1490,3,,,0
2019,'1495594',1102,,1491,3,,,0
2019,'1495596',1142,,1492,3,,,0
2019,'1495598',1222,,1493,3,,,0
2019,'1495600',1302,,1494,3,,,0
2019,'1495602',1342,,1495,3,,,0
2019,'1495604',1422,,1496,3,,,0
2019,'1495606',1502,,1497,3,,,0
2019,'1495608',1542,,1498,3,,,0
2019,'1495610',1622,,1499,3,,,0
2019,'1495612',1702,,1500,3,,,0
2019,'1495614',1742,,1501,3,,,0
2019,'1495616',1822,,1502,3,,,0
2019,'1495618',1902,,1503,3,,,0
2019,'1495620',1932,,1504,3,,,0
2019,'1495622',2002,,1505,3,,,0
2019,'1495624',2032,,1506,3,,,0
2019,'1495626',2102,,1507,3,,,0
2019,'1495628',2132,,1508,3,,,0
2019,'1495673',1402,,1509,3,,,0
2019,'1495675',1442,,1510,3,,,0
2019,'1495677',1522,,1511,3,,,0
2019,'1495679',1602,,1512,3,,,0
2019,'1495681',1642,,1513,3,,,0
2019,'1495683',1722,,1514,3,,,0
140000019,'1495223',2257,,2230,32,,,0
140000019,'1495507',2357,,2231,32,,,0
140000019,'1495910',2357,,2232,32,,,0
