1029,'1494979',1019,,1352,3,,,0
1029,'1494981',1049,,1353,3,,,0
1029,'1494983',1125,,1354,3,,,0
1029,'1494985',1205,,1355,3,,,0
1029,'1494987',1245,,1356,3,,,0
1029,'1494989',1325,,1357,3,,,0
1029,'1494991',1405,,1358,3,,,0
1029,'1494993',1445,,1359,3,,,0
1029,'1494995',1525,,1360,3,,,0
1029,'1494997',1605,,1361,3,,,0
1029,'1494999',1645,,1362,3,,,0
1029,'1495001',1719,,1363,3,,,0
1029,'1495003',1749,,1364,3,,,0
1029,'1495005',1819,,1365,3,,,0
1029,'1495047',1849,,1366,3,,,0
1029,'1495051',1949,,1367,3,,,0
1029,'1495055',2049,,1368,3,,,0
1029,'1495059',2149,,1369,3,,,0
1029,'1495177',749,,1370,3,,,0
1029,'1495181',849,,1371,3,,,0
1029,'1495185',949,,1372,3,,,0
1029,'1495225',619,,1373,3,,,0
1029,'1495229',719,,1374,3,,,0
1029,'1495285',919,,1375,3,,,0
1029,'1495287',949,,1376,3,,,0
1029,'1495289',1019,,1377,3,,,0
1029,'1495291',1049,,1378,3,,,0
1029,'1495293',1125,,1379,3,,,0
1029,'1495295',1205,,1380,3,,,0
1029,'1495297',1245,,1381,3,,,0
1029,'1495299',1325,,1382,3,,,0
1029,'1495301',1405,,1383,3,,,0
1029,'1495303',1445,,1384,3,,,0
1029,'1495305',1525,,1385,3,,,0
1029,'1495307',1605,,1386,3,,,0
1029,'1495309',1645,,1387,3,,,0
1029,'1495311',1725,,1388,3,,,0
1029,'1495313',1805,,1389,3,,,0
1029,'1495315',1845,,1390,3,,,0
1029,'1495455',819,,1391,3,,,0
1029,'1495491',1919,,1392,3,,,0
1029,'1495495',2019,,1393,3,,,0
1029,'1495499',2119,,1394,3,,,0
1029,'1495503',2219,,1395,3,,,0
1029,'1495509',619,,1396,3,,,0
1029,'1495511',649,,1397,3,,,0
1029,'1495513',719,,1398,3,,,0
1029,'1495515',749,,1399,3,,,0
1029,'1495517',819,,1400,3,,,0
1029,'1495519',849,,1401,3,,,0
1029,'1495521',919,,1402,3,,,0
1029,'1495523',949,,1403,3,,,0
1029,'1495525',1019,,1404,3,,,0
1029,'1495527',1049,,1405,3,,,0
1029,'1495529',1125,,1406,3,,,0
1029,'1495531',1205,,1407,3,,,0
1029,'1495533',1245,,1408,3,,,0
1029,'1495535',1325,,1409,3,,,0
1029,'1495537',1405,,1410,3,,,0
1029,'1495539',1445,,1411,3,,,0
1029,'1495541',1525,,1412,3,,,0
1029,'1495543',1605,,1413,3,,,0
1029,'1495545',1645,,1414,3,,,0
1029,'1495547',1725,,1415,3,,,0
1029,'1495549',1805,,1416,3,,,0
1029,'1495551',1845,,1417,3,,,0
1029,'1495553',1919,,1418,3,,,0
1029,'1495555',1949,,1419,3,,,0
1029,'1495557',2019,,1420,3,,,0
1029,'1495559',2049,,1421,3,,,0
1029,'1495561',2119,,1422,3,,,0
1029,'1495563',2149,,1423,3,,,0
1029,'1495565',2219,,1424,3,,,0
1029,'1495569',2319,,1425,3,,,0
