8019,'1495087',829,,1960,22,,,0
8019,'1495090',949,,1961,22,,,0
8019,'1495093',1109,,1962,22,,,0
8019,'1495096',1229,,1963,22,,,0
8019,'1495099',1349,,1964,22,,,0
8019,'1495102',1509,,1965,22,,,0
8019,'1495105',1629,,1966,22,,,0
8019,'1495108',1749,,1967,22,,,0
8019,'1495111',1909,,1968,22,,,0
8019,'1495114',2029,,1969,22,,,0
8019,'1495117',2149,,1970,22,,,0
8019,'1495190',1149,,1971,22,,,0
8019,'1495347',709,,1972,22,,,0
8019,'1495350',829,,1973,22,,,0
8019,'1495353',949,,1974,22,,,0
8019,'1495356',1109,,1975,22,,,0
8019,'1495359',1229,,1976,22,,,0
8019,'1495362',1349,,1977,22,,,0
8019,'1495365',1509,,1978,22,,,0
8019,'1495368',1629,,1979,22,,,0
8019,'1495371',1749,,1980,22,,,0
8019,'1495374',1909,,1981,22,,,0
8019,'1495377',2029,,1982,22,,,0
8019,'1495380',2149,,1983,22,,,0
8019,'1495733',2209,,1984,22,,,0
8019,'1495911',649,,1985,22,,,0
8019,'1495912',729,,1986,22,,,0
8019,'1495913',809,,1987,22,,,0
8019,'1495914',849,,1988,22,,,0
8019,'1495915',929,,1989,22,,,0
8019,'1495916',1009,,1990,22,,,0
8019,'1495917',1049,,1991,22,,,0
8019,'1495918',1129,,1992,22,,,0
8019,'1495919',1209,,1993,22,,,0
8019,'1495920',1249,,1994,22,,,0
8019,'1495921',1329,,1995,22,,,0
8019,'1495922',1409,,1996,22,,,0
8019,'1495923',1449,,1997,22,,,0
8019,'1495924',1529,,1998,22,,,0
8019,'1495925',1609,,1999,22,,,0
8019,'1495926',1649,,2000,22,,,0
8019,'1495927',1729,,2001,22,,,0
8019,'1495928',1809,,2002,22,,,0
8019,'1495929',1849,,2003,22,,,0
8019,'1495930',1929,,2004,22,,,0
8019,'1495931',2009,,2005,22,,,0
8019,'1495932',2049,,2006,22,,,0
