6019,'1495151',915,,1704,14,,,0
6019,'1495153',1015,,1705,14,,,0
6019,'1495155',1115,,1706,14,,,0
6019,'1495157',1215,,1707,14,,,0
6019,'1495159',1315,,1708,14,,,0
6019,'1495161',1415,,1709,14,,,0
6019,'1495171',2045,,1710,14,,,0
6019,'1495173',2145,,1711,14,,,0
6019,'1495422',815,,1712,14,,,0
6019,'1495424',915,,1713,14,,,0
6019,'1495426',1015,,1714,14,,,0
6019,'1495428',1115,,1715,14,,,0
6019,'1495430',1215,,1716,14,,,0
6019,'1495432',1315,,1717,14,,,0
6019,'1495444',2045,,1718,14,,,0
6019,'1495446',2145,,1719,14,,,0
6019,'1495448',2245,,1720,14,,,0
6019,'1495803',945,,1721,14,,,0
6019,'1495805',1045,,1722,14,,,0
6019,'1495807',1145,,1723,14,,,0
6019,'1495809',1245,,1724,14,,,0
6019,'1495811',1345,,1725,14,,,0
6019,'1495813',1445,,1726,14,,,0
6019,'1495823',2115,,1727,14,,,0
6019,'1495825',2215,,1728,14,,,0
6019,'1495827',2315,,1729,14,,,0
6019,'1495834',915,,1730,14,,,0
6019,'1495836',1015,,1731,14,,,0
6019,'1495838',1115,,1732,14,,,0
6019,'1495840',1215,,1733,14,,,0
6019,'1495842',1315,,1734,14,,,0
6019,'1495844',1415,,1735,14,,,0
6029,'1495149',755,,1737,14,0,5,0
6029,'1495163',1515,,1745,14,0,5,0
6029,'1495165',1635,,1747,14,0,5,0
6029,'1495167',1755,,1749,14,0,5,0
6029,'1495169',1915,,1751,14,0,5,0
6029,'1495420',655,,1755,14,0,5,0
6029,'1495434',1415,,1763,14,0,5,0
6029,'1495436',1535,,1765,14,0,5,0
6029,'1495438',1655,,1767,14,0,5,0
6029,'1495440',1815,,1769,14,0,5,0
6029,'1495442',1935,,1771,14,0,5,0
6029,'1495797',555,,1776,14,0,5,0
6029,'1495799',715,,1778,14,0,5,0
6029,'1495801',835,,1780,14,0,5,0
6029,'1495815',1555,,1788,14,0,5,0
6029,'1495817',1715,,1790,14,0,5,0
6029,'1495819',1835,,1792,14,0,5,0
6029,'1495821',1955,,1794,14,0,5,0
6029,'1495828',515,,1798,14,0,5,0
6029,'1495830',635,,1800,14,0,5,0
6029,'1495832',755,,1802,14,0,5,0
6029,'1495846',1515,,1810,14,0,5,0
6029,'1495848',1635,,1812,14,0,5,0
6029,'1495850',1755,,1814,14,0,5,0
140000019,'1495223',2241,,2230,14,,,0
140000019,'1495507',2341,,2231,14,,,0
140000019,'1495910',2341,,2232,14,,,0
