30005019,'1495118',719,,2168,19,,,0
30005019,'1495120',819,,2169,19,,,0
30005019,'1495122',919,,2170,19,,,0
30005019,'1495124',1019,,2171,19,,,0
30005019,'1495126',1119,,2172,19,,,0
30005019,'1495128',1219,,2173,19,,,0
30005019,'1495130',1319,,2174,19,,,0
30005019,'1495132',1419,,2175,19,,,0
30005019,'1495134',1519,,2176,19,,,0
30005019,'1495136',1619,,2177,19,,,0
30005019,'1495138',1719,,2178,19,,,0
30005019,'1495140',1819,,2179,19,,,0
30005019,'1495142',1919,,2180,19,,,0
30005019,'1495144',2019,,2181,19,,,0
30005019,'1495146',2119,,2182,19,,,0
30005019,'1495385',619,,2183,19,,,0
30005019,'1495387',719,,2184,19,,,0
30005019,'1495389',819,,2185,19,,,0
30005019,'1495391',919,,2186,19,,,0
30005019,'1495393',1019,,2187,19,,,0
30005019,'1495395',1119,,2188,19,,,0
30005019,'1495397',1219,,2189,19,,,0
30005019,'1495399',1319,,2190,19,,,0
30005019,'1495401',1419,,2191,19,,,0
30005019,'1495403',1519,,2192,19,,,0
30005019,'1495405',1619,,2193,19,,,0
30005019,'1495407',1719,,2194,19,,,0
30005019,'1495409',1819,,2195,19,,,0
30005019,'1495411',1919,,2196,19,,,0
30005019,'1495413',2019,,2197,19,,,0
30005019,'1495415',2119,,2198,19,,,0
30005019,'1495417',2219,,2199,19,,,0
30005019,'1495760',1919,,2200,19,,,0
30005019,'1495762',2019,,2201,19,,,0
30005019,'1495764',2119,,2202,19,,,0
30005019,'1495766',2219,,2203,19,,,0
30005019,'1495768',519,,2204,19,,,0
30005019,'1495770',619,,2205,19,,,0
30005019,'1495772',719,,2206,19,,,0
30005019,'1495773',749,,2207,19,,,0
30005019,'1495774',819,,2208,19,,,0
30005019,'1495775',849,,2209,19,,,0
30005019,'1495776',919,,2210,19,,,0
30005019,'1495777',949,,2211,19,,,0
30005019,'1495778',1019,,2212,19,,,0
30005019,'1495779',1049,,2213,19,,,0
30005019,'1495780',1119,,2214,19,,,0
30005019,'1495781',1149,,2215,19,,,0
30005019,'1495782',1219,,2216,19,,,0
30005019,'1495783',1249,,2217,19,,,0
30005019,'1495784',1319,,2218,19,,,0
30005019,'1495785',1349,,2219,19,,,0
30005019,'1495786',1419,,2220,19,,,0
30005019,'1495787',1449,,2221,19,,,0
30005019,'1495788',1519,,2222,19,,,0
30005019,'1495789',1549,,2223,19,,,0
30005019,'1495790',1619,,2224,19,,,0
30005019,'1495791',1649,,2225,19,,,0
30005019,'1495792',1719,,2226,19,,,0
30005019,'1495793',1749,,2227,19,,,0
30005019,'1495794',1819,,2228,19,,,0
30005019,'1495795',1849,,2229,19,,,0
