6029,'1495148',729,,1736,30,,,0
6029,'1495150',849,,1738,30,,,0
6029,'1495152',949,,1739,23,,,0
6029,'1495154',1049,,1740,23,,,0
6029,'1495156',1149,,1741,23,,,0
6029,'1495158',1249,,1742,23,,,0
6029,'1495160',1349,,1743,23,,,0
6029,'1495162',1449,,1744,23,,,0
6029,'1495164',1609,,1746,30,,,0
6029,'1495166',1729,,1748,30,,,0
6029,'1495168',1849,,1750,30,,,0
6029,'1495170',2009,,1752,30,,,0
6029,'1495172',2119,,1753,23,,,0
6029,'1495419',629,,1754,30,,,0
6029,'1495421',749,,1756,30,,,0
6029,'1495423',849,,1757,23,,,0
6029,'1495425',949,,1758,23,,,0
6029,'1495427',1049,,1759,23,,,0
6029,'1495429',1149,,1760,23,,,0
6029,'1495431',1249,,1761,23,,,0
6029,'1495433',1349,,1762,23,,,0
6029,'1495435',1509,,1764,30,,,0
6029,'1495437',1629,,1766,30,,,0
6029,'1495439',1749,,1768,30,,,0
6029,'1495441',1909,,1770,30,,,0
6029,'1495443',2019,,1772,23,,,0
6029,'1495445',2119,,1773,23,,,0
6029,'1495447',2219,,1774,23,,,0
6029,'1495796',529,,1775,30,,,0
6029,'1495798',649,,1777,30,,,0
6029,'1495800',809,,1779,30,,,0
6029,'1495802',919,,1781,23,,,0
6029,'1495804',1019,,1782,23,,,0
6029,'1495806',1119,,1783,23,,,0
6029,'1495808',1219,,1784,23,,,0
6029,'1495810',1319,,1785,23,,,0
6029,'1495812',1419,,1786,23,,,0
6029,'1495814',1529,,1787,30,,,0
6029,'1495816',1649,,1789,30,,,0
6029,'1495818',1809,,1791,30,,,0
6029,'1495820',1929,,1793,30,,,0
6029,'1495822',2049,,1795,23,,,0
6029,'1495824',2149,,1796,23,,,0
6029,'1495826',2249,,1797,23,,,0
6029,'1495829',609,,1799,30,,,0
6029,'1495831',729,,1801,30,,,0
6029,'1495833',849,,1803,30,,,0
6029,'1495835',949,,1804,23,,,0
6029,'1495837',1049,,1805,23,,,0
6029,'1495839',1149,,1806,23,,,0
6029,'1495841',1249,,1807,23,,,0
6029,'1495843',1349,,1808,23,,,0
6029,'1495845',1449,,1809,23,,,0
6029,'1495847',1609,,1811,30,,,0
6029,'1495849',1729,,1813,30,,,0
