6019,'1495151',914,,1704,13,,,0
6019,'1495153',1014,,1705,13,,,0
6019,'1495155',1114,,1706,13,,,0
6019,'1495157',1214,,1707,13,,,0
6019,'1495159',1314,,1708,13,,,0
6019,'1495161',1414,,1709,13,,,0
6019,'1495171',2044,,1710,13,,,0
6019,'1495173',2144,,1711,13,,,0
6019,'1495422',814,,1712,13,,,0
6019,'1495424',914,,1713,13,,,0
6019,'1495426',1014,,1714,13,,,0
6019,'1495428',1114,,1715,13,,,0
6019,'1495430',1214,,1716,13,,,0
6019,'1495432',1314,,1717,13,,,0
6019,'1495444',2044,,1718,13,,,0
6019,'1495446',2144,,1719,13,,,0
6019,'1495448',2244,,1720,13,,,0
6019,'1495803',944,,1721,13,,,0
6019,'1495805',1044,,1722,13,,,0
6019,'1495807',1144,,1723,13,,,0
6019,'1495809',1244,,1724,13,,,0
6019,'1495811',1344,,1725,13,,,0
6019,'1495813',1444,,1726,13,,,0
6019,'1495823',2114,,1727,13,,,0
6019,'1495825',2214,,1728,13,,,0
6019,'1495827',2314,,1729,13,,,0
6019,'1495834',914,,1730,13,,,0
6019,'1495836',1014,,1731,13,,,0
6019,'1495838',1114,,1732,13,,,0
6019,'1495840',1214,,1733,13,,,0
6019,'1495842',1314,,1734,13,,,0
6019,'1495844',1414,,1735,13,,,0
6029,'1495149',755,,1737,13,0,5,0
6029,'1495163',1515,,1745,13,0,5,0
6029,'1495165',1635,,1747,13,0,5,0
6029,'1495167',1755,,1749,13,0,5,0
6029,'1495169',1915,,1751,13,0,5,0
6029,'1495420',655,,1755,13,0,5,0
6029,'1495434',1415,,1763,13,0,5,0
6029,'1495436',1535,,1765,13,0,5,0
6029,'1495438',1655,,1767,13,0,5,0
6029,'1495440',1815,,1769,13,0,5,0
6029,'1495442',1935,,1771,13,0,5,0
6029,'1495797',555,,1776,13,0,5,0
6029,'1495799',715,,1778,13,0,5,0
6029,'1495801',835,,1780,13,0,5,0
6029,'1495815',1555,,1788,13,0,5,0
6029,'1495817',1715,,1790,13,0,5,0
6029,'1495819',1835,,1792,13,0,5,0
6029,'1495821',1955,,1794,13,0,5,0
6029,'1495828',515,,1798,13,0,5,0
6029,'1495830',635,,1800,13,0,5,0
6029,'1495832',755,,1802,13,0,5,0
6029,'1495846',1515,,1810,13,0,5,0
6029,'1495848',1635,,1812,13,0,5,0
6029,'1495850',1755,,1814,13,0,5,0
140000019,'1495223',2241,,2230,13,,,0
140000019,'1495507',2341,,2231,13,,,0
140000019,'1495910',2341,,2232,13,,,0
