6029,'1495148',708,,1736,10,,,0
6029,'1495150',828,,1738,10,,,0
6029,'1495152',938,,1739,10,,,0
6029,'1495154',1038,,1740,10,,,0
6029,'1495156',1138,,1741,10,,,0
6029,'1495158',1238,,1742,10,,,0
6029,'1495160',1338,,1743,10,,,0
6029,'1495162',1438,,1744,10,,,0
6029,'1495164',1548,,1746,10,,,0
6029,'1495166',1708,,1748,10,,,0
6029,'1495168',1828,,1750,10,,,0
6029,'1495170',1948,,1752,10,,,0
6029,'1495172',2108,,1753,10,,,0
6029,'1495419',608,,1754,10,,,0
6029,'1495421',728,,1756,10,,,0
6029,'1495423',838,,1757,10,,,0
6029,'1495425',938,,1758,10,,,0
6029,'1495427',1038,,1759,10,,,0
6029,'1495429',1138,,1760,10,,,0
6029,'1495431',1238,,1761,10,,,0
6029,'1495433',1338,,1762,10,,,0
6029,'1495435',1448,,1764,10,,,0
6029,'1495437',1608,,1766,10,,,0
6029,'1495439',1728,,1768,10,,,0
6029,'1495441',1848,,1770,10,,,0
6029,'1495443',2008,,1772,10,,,0
6029,'1495445',2108,,1773,10,,,0
6029,'1495447',2208,,1774,10,,,0
6029,'1495796',508,,1775,10,,,0
6029,'1495798',628,,1777,10,,,0
6029,'1495800',748,,1779,10,,,0
6029,'1495802',908,,1781,10,,,0
6029,'1495804',1008,,1782,10,,,0
6029,'1495806',1108,,1783,10,,,0
6029,'1495808',1208,,1784,10,,,0
6029,'1495810',1308,,1785,10,,,0
6029,'1495812',1408,,1786,10,,,0
6029,'1495814',1508,,1787,10,,,0
6029,'1495816',1628,,1789,10,,,0
6029,'1495818',1748,,1791,10,,,0
6029,'1495820',1908,,1793,10,,,0
6029,'1495822',2038,,1795,10,,,0
6029,'1495824',2138,,1796,10,,,0
6029,'1495826',2238,,1797,10,,,0
6029,'1495829',548,,1799,10,,,0
6029,'1495831',708,,1801,10,,,0
6029,'1495833',828,,1803,10,,,0
6029,'1495835',938,,1804,10,,,0
6029,'1495837',1038,,1805,10,,,0
6029,'1495839',1138,,1806,10,,,0
6029,'1495841',1238,,1807,10,,,0
6029,'1495843',1338,,1808,10,,,0
6029,'1495845',1438,,1809,10,,,0
6029,'1495847',1548,,1811,10,,,0
6029,'1495849',1708,,1813,10,,,0
7029,'1495174',705,,1886,6,,,0
7029,'1495178',805,,1887,6,,,0
7029,'1495182',905,,1888,6,,,0
7029,'1495186',1007,,1889,6,,,0
7029,'1495188',1047,,1890,6,,,0
7029,'1495191',1207,,1891,6,,,0
7029,'1495193',1247,,1892,6,,,0
7029,'1495195',1327,,1893,6,,,0
7029,'1495197',1407,,1894,6,,,0
7029,'1495199',1447,,1895,6,,,0
7029,'1495201',1527,,1896,6,,,0
7029,'1495203',1607,,1897,6,,,0
7029,'1495205',1647,,1898,6,,,0
7029,'1495207',1727,,1899,6,,,0
7029,'1495209',1805,,1900,6,,,0
7029,'1495211',1835,,1901,6,,,0
7029,'1495214',1935,,1902,6,,,0
7029,'1495217',2035,,1903,6,,,0
7029,'1495220',2135,,1904,6,,,0
7029,'1495222',2205,,1905,6,,,0
7029,'1495449',635,,1906,6,,,0
7029,'1495452',735,,1907,6,,,0
7029,'1495456',835,,1908,6,,,0
7029,'1495458',905,,1909,6,,,0
7029,'1495460',935,,1910,6,,,0
7029,'1495462',1007,,1911,6,,,0
7029,'1495464',1047,,1912,6,,,0
7029,'1495466',1127,,1913,6,,,0
7029,'1495468',1207,,1914,6,,,0
7029,'1495470',1247,,1915,6,,,0
7029,'1495472',1327,,1916,6,,,0
7029,'1495474',1407,,1917,6,,,0
7029,'1495476',1447,,1918,6,,,0
7029,'1495478',1527,,1919,6,,,0
7029,'1495480',1607,,1920,6,,,0
7029,'1495482',1647,,1921,6,,,0
7029,'1495484',1727,,1922,6,,,0
7029,'1495486',1805,,1923,6,,,0
7029,'1495488',1835,,1924,6,,,0
7029,'1495492',1935,,1925,6,,,0
7029,'1495496',2035,,1926,6,,,0
7029,'1495500',2135,,1927,6,,,0
7029,'1495504',2235,,1928,6,,,0
7029,'1495506',2305,,1929,6,,,0
7029,'1495851',605,,1930,6,,,0
7029,'1495853',635,,1931,6,,,0
7029,'1495855',705,,1932,6,,,0
7029,'1495857',735,,1933,6,,,0
7029,'1495859',805,,1934,6,,,0
7029,'1495861',835,,1935,6,,,0
7029,'1495863',907,,1936,6,,,0
7029,'1495865',947,,1937,6,,,0
7029,'1495867',1027,,1938,6,,,0
7029,'1495869',1107,,1939,6,,,0
7029,'1495871',1147,,1940,6,,,0
7029,'1495873',1227,,1941,6,,,0
7029,'1495875',1307,,1942,6,,,0
7029,'1495877',1347,,1943,6,,,0
7029,'1495879',1427,,1944,6,,,0
7029,'1495881',1507,,1945,6,,,0
7029,'1495883',1547,,1946,6,,,0
7029,'1495885',1627,,1947,6,,,0
7029,'1495887',1707,,1948,6,,,0
7029,'1495889',1747,,1949,6,,,0
7029,'1495891',1827,,1950,6,,,0
7029,'1495893',1905,,1951,6,,,0
7029,'1495895',1935,,1952,6,,,0
7029,'1495897',2005,,1953,6,,,0
7029,'1495899',2035,,1954,6,,,0
7029,'1495901',2105,,1955,6,,,0
7029,'1495903',2135,,1956,6,,,0
7029,'1495905',2205,,1957,6,,,0
7029,'1495907',2235,,1958,6,,,0
7029,'1495909',2305,,1959,6,,,0
