6019,'1495151',905,,1704,4,,,0
6019,'1495153',1005,,1705,4,,,0
6019,'1495155',1105,,1706,4,,,0
6019,'1495157',1205,,1707,4,,,0
6019,'1495159',1305,,1708,4,,,0
6019,'1495161',1405,,1709,4,,,0
6019,'1495171',2035,,1710,4,,,0
6019,'1495173',2135,,1711,4,,,0
6019,'1495422',805,,1712,4,,,0
6019,'1495424',905,,1713,4,,,0
6019,'1495426',1005,,1714,4,,,0
6019,'1495428',1105,,1715,4,,,0
6019,'1495430',1205,,1716,4,,,0
6019,'1495432',1305,,1717,4,,,0
6019,'1495444',2035,,1718,4,,,0
6019,'1495446',2135,,1719,4,,,0
6019,'1495448',2235,,1720,4,,,0
6019,'1495803',935,,1721,4,,,0
6019,'1495805',1035,,1722,4,,,0
6019,'1495807',1135,,1723,4,,,0
6019,'1495809',1235,,1724,4,,,0
6019,'1495811',1335,,1725,4,,,0
6019,'1495813',1435,,1726,4,,,0
6019,'1495823',2105,,1727,4,,,0
6019,'1495825',2205,,1728,4,,,0
6019,'1495827',2305,,1729,4,,,0
6019,'1495834',905,,1730,4,,,0
6019,'1495836',1005,,1731,4,,,0
6019,'1495838',1105,,1732,4,,,0
6019,'1495840',1205,,1733,4,,,0
6019,'1495842',1305,,1734,4,,,0
6019,'1495844',1405,,1735,4,,,0
6029,'1495149',745,,1737,4,0,5,0
6029,'1495163',1505,,1745,4,0,5,0
6029,'1495165',1625,,1747,4,0,5,0
6029,'1495167',1745,,1749,4,0,5,0
6029,'1495169',1905,,1751,4,0,5,0
6029,'1495420',645,,1755,4,0,5,0
6029,'1495434',1405,,1763,4,0,5,0
6029,'1495436',1525,,1765,4,0,5,0
6029,'1495438',1645,,1767,4,0,5,0
6029,'1495440',1805,,1769,4,0,5,0
6029,'1495442',1925,,1771,4,0,5,0
6029,'1495797',545,,1776,4,0,5,0
6029,'1495799',705,,1778,4,0,5,0
6029,'1495801',825,,1780,4,0,5,0
6029,'1495815',1545,,1788,4,0,5,0
6029,'1495817',1705,,1790,4,0,5,0
6029,'1495819',1825,,1792,4,0,5,0
6029,'1495821',1945,,1794,4,0,5,0
6029,'1495828',505,,1798,4,0,5,0
6029,'1495830',625,,1800,4,0,5,0
6029,'1495832',745,,1802,4,0,5,0
6029,'1495846',1505,,1810,4,0,5,0
6029,'1495848',1625,,1812,4,0,5,0
6029,'1495850',1745,,1814,4,0,5,0
7019,'1495175',720,,1815,4,,,0
7019,'1495179',820,,1816,4,,,0
7019,'1495183',920,,1817,4,,,0
7019,'1495187',1028,,1818,4,,,0
7019,'1495189',1108,,1819,4,,,0
7019,'1495192',1228,,1820,4,,,0
7019,'1495194',1308,,1821,4,,,0
7019,'1495196',1348,,1822,4,,,0
7019,'1495198',1428,,1823,4,,,0
7019,'1495200',1508,,1824,4,,,0
7019,'1495202',1548,,1825,4,,,0
7019,'1495204',1628,,1826,4,,,0
7019,'1495206',1708,,1827,4,,,0
7019,'1495208',1748,,1828,4,,,0
7019,'1495210',1820,,1829,4,,,0
7019,'1495212',1850,,1830,4,,,0
7019,'1495215',1950,,1831,4,,,0
7019,'1495218',2050,,1832,4,,,0
7019,'1495221',2150,,1833,4,,,0
7019,'1495450',650,,1834,4,,,0
7019,'1495453',750,,1835,4,,,0
7019,'1495457',850,,1836,4,,,0
7019,'1495459',920,,1837,4,,,0
7019,'1495461',950,,1838,4,,,0
7019,'1495463',1028,,1839,4,,,0
7019,'1495465',1108,,1840,4,,,0
7019,'1495467',1148,,1841,4,,,0
7019,'1495469',1228,,1842,4,,,0
7019,'1495471',1308,,1843,4,,,0
7019,'1495473',1348,,1844,4,,,0
7019,'1495475',1428,,1845,4,,,0
7019,'1495477',1508,,1846,4,,,0
7019,'1495479',1548,,1847,4,,,0
7019,'1495481',1628,,1848,4,,,0
7019,'1495483',1708,,1849,4,,,0
7019,'1495485',1748,,1850,4,,,0
7019,'1495487',1820,,1851,4,,,0
7019,'1495489',1850,,1852,4,,,0
7019,'1495493',1950,,1853,4,,,0
7019,'1495497',2050,,1854,4,,,0
7019,'1495501',2150,,1855,4,,,0
7019,'1495505',2250,,1856,4,,,0
7019,'1495852',620,,1857,4,,,0
7019,'1495854',650,,1858,4,,,0
7019,'1495856',720,,1859,4,,,0
7019,'1495858',750,,1860,4,,,0
7019,'1495860',820,,1861,4,,,0
7019,'1495862',850,,1862,4,,,0
7019,'1495864',928,,1863,4,,,0
7019,'1495866',1008,,1864,4,,,0
7019,'1495868',1048,,1865,4,,,0
7019,'1495870',1128,,1866,4,,,0
7019,'1495872',1208,,1867,4,,,0
7019,'1495874',1248,,1868,4,,,0
7019,'1495876',1328,,1869,4,,,0
7019,'1495878',1408,,1870,4,,,0
7019,'1495880',1448,,1871,4,,,0
7019,'1495882',1528,,1872,4,,,0
7019,'1495884',1608,,1873,4,,,0
7019,'1495886',1648,,1874,4,,,0
7019,'1495888',1728,,1875,4,,,0
7019,'1495890',1808,,1876,4,,,0
7019,'1495892',1848,,1877,4,,,0
7019,'1495894',1920,,1878,4,,,0
7019,'1495896',1950,,1879,4,,,0
7019,'1495898',2020,,1880,4,,,0
7019,'1495900',2050,,1881,4,,,0
7019,'1495902',2120,,1882,4,,,0
7019,'1495904',2150,,1883,4,,,0
7019,'1495906',2220,,1884,4,,,0
7019,'1495908',2250,,1885,4,,,0
140000019,'1495223',2234,,2230,4,,,0
140000019,'1495507',2334,,2231,4,,,0
140000019,'1495910',2334,,2232,4,,,0
