4029,'1495086',750,,1654,5,,,0
4029,'1495089',910,,1655,5,,,0
4029,'1495092',1030,,1656,5,,,0
4029,'1495095',1150,,1657,5,,,0
4029,'1495098',1310,,1658,5,,,0
4029,'1495101',1430,,1659,5,,,0
4029,'1495104',1550,,1660,5,,,0
4029,'1495107',1710,,1661,5,,,0
4029,'1495110',1830,,1662,5,,,0
4029,'1495113',1950,,1663,5,,,0
4029,'1495116',2110,,1664,5,,,0
4029,'1495346',630,,1665,5,,,0
4029,'1495349',750,,1666,5,,,0
4029,'1495352',910,,1667,5,,,0
4029,'1495355',1030,,1668,5,,,0
4029,'1495358',1150,,1669,5,,,0
4029,'1495361',1310,,1670,5,,,0
4029,'1495364',1430,,1671,5,,,0
4029,'1495367',1550,,1672,5,,,0
4029,'1495370',1710,,1673,5,,,0
4029,'1495373',1830,,1674,5,,,0
4029,'1495376',1950,,1675,5,,,0
4029,'1495379',2110,,1676,5,,,0
4029,'1495382',2230,,1677,5,,,0
4029,'1495384',2310,,1678,5,,,0
4029,'1495686',610,,1679,5,,,0
4029,'1495688',650,,1680,5,,,0
4029,'1495690',730,,1681,5,,,0
4029,'1495692',810,,1682,5,,,0
4029,'1495694',850,,1683,5,,,0
4029,'1495696',930,,1684,5,,,0
4029,'1495698',1010,,1685,5,,,0
4029,'1495700',1050,,1686,5,,,0
4029,'1495702',1130,,1687,5,,,0
4029,'1495704',1210,,1688,5,,,0
4029,'1495706',1250,,1689,5,,,0
4029,'1495708',1330,,1690,5,,,0
4029,'1495710',1410,,1691,5,,,0
4029,'1495712',1450,,1692,5,,,0
4029,'1495714',1530,,1693,5,,,0
4029,'1495716',1610,,1694,5,,,0
4029,'1495718',1650,,1695,5,,,0
4029,'1495720',1730,,1696,5,,,0
4029,'1495722',1810,,1697,5,,,0
4029,'1495724',1850,,1698,5,,,0
4029,'1495726',1930,,1699,5,,,0
4029,'1495728',2010,,1700,5,,,0
4029,'1495730',2050,,1701,5,,,0
4029,'1495732',2130,,1702,5,,,0
4029,'1495735',2250,,1703,5,,,0
