6019,'1495151',923,,1704,23,,,0
6019,'1495153',1023,,1705,23,,,0
6019,'1495155',1123,,1706,23,,,0
6019,'1495157',1223,,1707,23,,,0
6019,'1495159',1323,,1708,23,,,0
6019,'1495161',1423,,1709,23,,,0
6019,'1495171',2053,,1710,23,,,0
6019,'1495173',2153,,1711,23,,,0
6019,'1495422',823,,1712,23,,,0
6019,'1495424',923,,1713,23,,,0
6019,'1495426',1023,,1714,23,,,0
6019,'1495428',1123,,1715,23,,,0
6019,'1495430',1223,,1716,23,,,0
6019,'1495432',1323,,1717,23,,,0
6019,'1495444',2053,,1718,23,,,0
6019,'1495446',2153,,1719,23,,,0
6019,'1495448',2253,,1720,23,,,0
6019,'1495803',953,,1721,23,,,0
6019,'1495805',1053,,1722,23,,,0
6019,'1495807',1153,,1723,23,,,0
6019,'1495809',1253,,1724,23,,,0
6019,'1495811',1353,,1725,23,,,0
6019,'1495813',1453,,1726,23,,,0
6019,'1495823',2123,,1727,23,,,0
6019,'1495825',2223,,1728,23,,,0
6019,'1495827',2323,,1729,23,,,0
6019,'1495834',923,,1730,23,,,0
6019,'1495836',1023,,1731,23,,,0
6019,'1495838',1123,,1732,23,,,0
6019,'1495840',1223,,1733,23,,,0
6019,'1495842',1323,,1734,23,,,0
6019,'1495844',1423,,1735,23,,,0
6029,'1495149',813,,1737,30,0,5,0
6029,'1495163',1533,,1745,30,0,5,0
6029,'1495165',1653,,1747,30,0,5,0
6029,'1495167',1813,,1749,30,0,5,0
6029,'1495169',1933,,1751,30,0,5,0
6029,'1495420',713,,1755,30,0,5,0
6029,'1495434',1433,,1763,30,0,5,0
6029,'1495436',1553,,1765,30,0,5,0
6029,'1495438',1713,,1767,30,0,5,0
6029,'1495440',1833,,1769,30,0,5,0
6029,'1495442',1953,,1771,30,0,5,0
6029,'1495797',613,,1776,30,0,5,0
6029,'1495799',733,,1778,30,0,5,0
6029,'1495801',853,,1780,30,0,5,0
6029,'1495815',1613,,1788,30,0,5,0
6029,'1495817',1733,,1790,30,0,5,0
6029,'1495819',1853,,1792,30,0,5,0
6029,'1495821',2013,,1794,30,0,5,0
6029,'1495828',533,,1798,30,0,5,0
6029,'1495830',653,,1800,30,0,5,0
6029,'1495832',813,,1802,30,0,5,0
6029,'1495846',1533,,1810,30,0,5,0
6029,'1495848',1653,,1812,30,0,5,0
6029,'1495850',1813,,1814,30,0,5,0
140000019,'1495223',2251,,2230,25,,,0
140000019,'1495507',2351,,2231,25,,,0
140000019,'1495910',2351,,2232,25,,,0
