10003019,'1495063',800,,2007,1,,,0,28,,2007,21,4,,0
10003019,'1495065',900,,2008,1,,,0,28,,2008,21,4,,0
10003019,'1495067',1000,,2009,1,,,0,28,,2009,21,4,,0
10003019,'1495069',1100,,2010,1,,,0,28,,2010,21,4,,0
10003019,'1495071',1200,,2011,1,,,0,28,,2011,21,4,,0
10003019,'1495073',1300,,2012,1,,,0,28,,2012,21,4,,0
10003019,'1495075',1400,,2013,1,,,0,28,,2013,21,4,,0
10003019,'1495077',1500,,2014,1,,,0,28,,2014,21,4,,0
10003019,'1495079',1600,,2015,1,,,0,28,,2015,21,4,,0
10003019,'1495081',1700,,2016,1,,,0,28,,2016,21,4,,0
10003019,'1495083',1800,,2017,1,,,0,28,,2017,21,4,,0
10003019,'1495213',1900,,2018,1,,,0,28,,2018,21,4,,0
10003019,'1495219',2100,,2019,1,,,0,28,,2019,21,4,,0
10003019,'1495317',800,,2020,1,,,0,28,,2020,21,4,,0
10003019,'1495319',900,,2021,1,,,0,28,,2021,21,4,,0
10003019,'1495321',1000,,2022,1,,,0,28,,2022,21,4,,0
10003019,'1495323',1100,,2023,1,,,0,28,,2023,21,4,,0
10003019,'1495325',1200,,2024,1,,,0,28,,2024,21,4,,0
10003019,'1495327',1300,,2025,1,,,0,28,,2025,21,4,,0
10003019,'1495329',1400,,2026,1,,,0,28,,2026,21,4,,0
10003019,'1495331',1500,,2027,1,,,0,28,,2027,21,4,,0
10003019,'1495333',1600,,2028,1,,,0,28,,2028,21,4,,0
10003019,'1495335',1700,,2029,1,,,0,28,,2029,21,4,,0
10003019,'1495337',1800,,2030,1,,,0,28,,2030,21,4,,0
10003019,'1495339',1900,,2031,1,,,0,28,,2031,21,4,,0
10003019,'1495341',2000,,2032,1,,,0,28,,2032,21,4,,0
10003019,'1495343',2100,,2033,1,,,0,28,,2033,21,4,,0
10003019,'1495451',700,,2034,1,,,0,28,,2034,21,4,,0
10003019,'1495630',630,,2035,1,,,0,28,,2035,21,4,,0
10003019,'1495632',730,,2036,1,,,0,28,,2036,21,4,,0
10003019,'1495633',800,,2037,1,,,0,28,,2037,21,4,,0
10003019,'1495634',830,,2038,1,,,0,28,,2038,21,4,,0
10003019,'1495635',900,,2039,1,,,0,28,,2039,21,4,,0
10003019,'1495636',930,,2040,1,,,0,28,,2040,21,4,,0
10003019,'1495637',1000,,2041,1,,,0,28,,2041,21,4,,0
10003019,'1495638',1030,,2042,1,,,0,28,,2042,21,4,,0
10003019,'1495639',1100,,2043,1,,,0,28,,2043,21,4,,0
10003019,'1495640',1130,,2044,1,,,0,28,,2044,21,4,,0
10003019,'1495641',1200,,2045,1,,,0,28,,2045,21,4,,0
10003019,'1495642',1230,,2046,1,,,0,28,,2046,21,4,,0
10003019,'1495643',1300,,2047,1,,,0,28,,2047,21,4,,0
10003019,'1495644',1330,,2048,1,,,0,28,,2048,21,4,,0
10003019,'1495646',1430,,2049,1,,,0,28,,2049,21,4,,0
10003019,'1495648',1530,,2050,1,,,0,28,,2050,21,4,,0
10003019,'1495650',1630,,2051,1,,,0,28,,2051,21,4,,0
10003019,'1495652',1730,,2052,1,,,0,28,,2052,21,4,,0
10003019,'1495654',1830,,2053,1,,,0,28,,2053,21,4,,0
10003019,'1495656',1930,,2054,1,,,0,28,,2054,21,4,,0
10003019,'1495658',2030,,2055,1,,,0,28,,2055,21,4,,0
10003019,'1495660',2130,,2056,1,,,0,28,,2056,21,4,,0
30003019,'1495062',730,,2119,1,,,0,28,,2119,23,4,,0
30003019,'1495064',830,,2120,1,,,0,28,,2120,23,4,,0
30003019,'1495066',930,,2121,1,,,0,28,,2121,23,4,,0
30003019,'1495068',1030,,2122,1,,,0,28,,2122,23,4,,0
30003019,'1495070',1130,,2123,1,,,0,28,,2123,23,4,,0
30003019,'1495072',1230,,2124,1,,,0,28,,2124,23,4,,0
30003019,'1495074',1330,,2125,1,,,0,28,,2125,23,4,,0
30003019,'1495076',1430,,2126,1,,,0,28,,2126,23,4,,0
30003019,'1495078',1530,,2127,1,,,0,28,,2127,23,4,,0
30003019,'1495080',1630,,2128,1,,,0,28,,2128,23,4,,0
30003019,'1495082',1730,,2129,1,,,0,28,,2129,23,4,,0
30003019,'1495084',1830,,2130,1,,,0,28,,2130,23,4,,0
30003019,'1495216',2000,,2131,1,,,0,28,,2131,23,4,,0
30003019,'1495316',730,,2132,1,,,0,28,,2132,23,4,,0
30003019,'1495318',830,,2133,1,,,0,28,,2133,23,4,,0
30003019,'1495320',930,,2134,1,,,0,28,,2134,23,4,,0
30003019,'1495322',1030,,2135,1,,,0,28,,2135,23,4,,0
30003019,'1495324',1130,,2136,1,,,0,28,,2136,23,4,,0
30003019,'1495326',1230,,2137,1,,,0,28,,2137,23,4,,0
30003019,'1495328',1330,,2138,1,,,0,28,,2138,23,4,,0
30003019,'1495330',1430,,2139,1,,,0,28,,2139,23,4,,0
30003019,'1495332',1530,,2140,1,,,0,28,,2140,23,4,,0
30003019,'1495334',1630,,2141,1,,,0,28,,2141,23,4,,0
30003019,'1495336',1730,,2142,1,,,0,28,,2142,23,4,,0
30003019,'1495338',1830,,2143,1,,,0,28,,2143,23,4,,0
30003019,'1495340',1930,,2144,1,,,0,28,,2144,23,4,,0
30003019,'1495342',2030,,2145,1,,,0,28,,2145,23,4,,0
30003019,'1495344',2130,,2146,1,,,0,28,,2146,23,4,,0
30003019,'1495631',700,,2147,1,,,0,28,,2147,23,4,,0
30003019,'1495645',1400,,2148,1,,,0,28,,2148,23,4,,0
30003019,'1495647',1500,,2149,1,,,0,28,,2149,23,4,,0
30003019,'1495649',1600,,2150,1,,,0,28,,2150,23,4,,0
30003019,'1495651',1700,,2151,1,,,0,28,,2151,23,4,,0
30003019,'1495653',1800,,2152,1,,,0,28,,2152,23,4,,0
30003019,'1495655',1900,,2153,1,,,0,28,,2153,23,4,,0
30003019,'1495657',2000,,2154,1,,,0,28,,2154,23,4,,0
30003019,'1495659',2100,,2155,1,,,0,28,,2155,23,4,,0
30003019,'1495661',2200,,2156,1,,,0,28,,2156,23,4,,0
30003019,'1495662',815,,2157,1,,,0,28,,2157,23,4,,0
30003019,'1495663',845,,2158,1,,,0,68,,2158,23,4,,0
30003019,'1495664',915,,2159,1,,,0,28,,2159,23,4,,0
30003019,'1495665',945,,2160,1,,,0,68,,2160,23,4,,0
30003019,'1495666',1015,,2161,1,,,0,28,,2161,23,4,,0
30003019,'1495667',1045,,2162,1,,,0,68,,2162,23,4,,0
30003019,'1495668',1115,,2163,1,,,0,28,,2163,23,4,,0
30003019,'1495669',1145,,2164,1,,,0,68,,2164,23,4,,0
30003019,'1495670',1215,,2165,1,,,0,28,,2165,23,4,,0
30003019,'1495671',1245,,2166,1,,,0,68,,2166,23,4,,0
30003019,'1495672',1315,,2167,1,,,0,28,,2167,23,4,,0
