2019,'1495006',709,,1426,12,,,0
2019,'1495008',739,,1427,12,,,0
2019,'1495010',809,,1428,12,,,0
2019,'1495012',839,,1429,12,,,0
2019,'1495014',909,,1430,12,,,0
2019,'1495016',939,,1431,12,,,0
2019,'1495018',1009,,1432,12,,,0
2019,'1495020',1039,,1433,12,,,0
2019,'1495022',1113,,1434,12,,,0
2019,'1495024',1153,,1435,12,,,0
2019,'1495026',1233,,1436,12,,,0
2019,'1495028',1313,,1437,12,,,0
2019,'1495030',1353,,1438,12,,,0
2019,'1495032',1433,,1439,12,,,0
2019,'1495034',1513,,1440,12,,,0
2019,'1495036',1553,,1441,12,,,0
2019,'1495038',1633,,1442,12,,,0
2019,'1495040',1709,,1443,12,,,0
2019,'1495042',1739,,1444,12,,,0
2019,'1495044',1809,,1445,12,,,0
2019,'1495048',1909,,1446,12,,,0
2019,'1495052',2009,,1447,12,,,0
2019,'1495056',2109,,1448,12,,,0
2019,'1495060',2209,,1449,12,,,0
2019,'1495226',639,,1450,12,,,0
2019,'1495230',739,,1451,12,,,0
2019,'1495232',809,,1452,12,,,0
2019,'1495234',839,,1453,12,,,0
2019,'1495236',909,,1454,12,,,0
2019,'1495238',939,,1455,12,,,0
2019,'1495240',1009,,1456,12,,,0
2019,'1495242',1039,,1457,12,,,0
2019,'1495244',1113,,1458,12,,,0
2019,'1495246',1153,,1459,12,,,0
2019,'1495248',1233,,1460,12,,,0
2019,'1495250',1313,,1461,12,,,0
2019,'1495252',1353,,1462,12,,,0
2019,'1495254',1433,,1463,12,,,0
2019,'1495256',1513,,1464,12,,,0
2019,'1495258',1553,,1465,12,,,0
2019,'1495260',1633,,1466,12,,,0
2019,'1495262',1713,,1467,12,,,0
2019,'1495264',1753,,1468,12,,,0
2019,'1495266',1833,,1469,12,,,0
2019,'1495268',1909,,1470,12,,,0
2019,'1495270',1939,,1471,12,,,0
2019,'1495272',2009,,1472,12,,,0
2019,'1495274',2039,,1473,12,,,0
2019,'1495276',2109,,1474,12,,,0
2019,'1495278',2139,,1475,12,,,0
2019,'1495280',2209,,1476,12,,,0
2019,'1495282',2239,,1477,12,,,0
2019,'1495566',2239,,1478,12,,,0
2019,'1495570',509,,1479,12,,,0
2019,'1495572',539,,1480,12,,,0
2019,'1495574',609,,1481,12,,,0
2019,'1495576',639,,1482,12,,,0
2019,'1495578',709,,1483,12,,,0
2019,'1495580',739,,1484,12,,,0
2019,'1495582',809,,1485,12,,,0
2019,'1495584',839,,1486,12,,,0
2019,'1495586',909,,1487,12,,,0
2019,'1495588',939,,1488,12,,,0
2019,'1495590',1009,,1489,12,,,0
2019,'1495592',1039,,1490,12,,,0
2019,'1495594',1113,,1491,12,,,0
2019,'1495596',1153,,1492,12,,,0
2019,'1495598',1233,,1493,12,,,0
2019,'1495600',1313,,1494,12,,,0
2019,'1495602',1353,,1495,12,,,0
2019,'1495604',1433,,1496,12,,,0
2019,'1495606',1513,,1497,12,,,0
2019,'1495608',1553,,1498,12,,,0
2019,'1495610',1633,,1499,12,,,0
2019,'1495612',1713,,1500,12,,,0
2019,'1495614',1753,,1501,12,,,0
2019,'1495616',1833,,1502,12,,,0
2019,'1495618',1909,,1503,12,,,0
2019,'1495620',1939,,1504,12,,,0
2019,'1495622',2009,,1505,12,,,0
2019,'1495624',2039,,1506,12,,,0
2019,'1495626',2109,,1507,12,,,0
2019,'1495628',2139,,1508,12,,,0
2019,'1495673',1413,,1509,12,,,0
2019,'1495675',1453,,1510,12,,,0
2019,'1495677',1533,,1511,12,,,0
2019,'1495679',1613,,1512,12,,,0
2019,'1495681',1653,,1513,12,,,0
2019,'1495683',1733,,1514,12,,,0
