6029,'1495148',728,,1736,29,,,0
6029,'1495150',848,,1738,29,,,0
6029,'1495152',948,,1739,22,,,0
6029,'1495154',1048,,1740,22,,,0
6029,'1495156',1148,,1741,22,,,0
6029,'1495158',1248,,1742,22,,,0
6029,'1495160',1348,,1743,22,,,0
6029,'1495162',1448,,1744,22,,,0
6029,'1495164',1608,,1746,29,,,0
6029,'1495166',1728,,1748,29,,,0
6029,'1495168',1848,,1750,29,,,0
6029,'1495170',2008,,1752,29,,,0
6029,'1495172',2118,,1753,22,,,0
6029,'1495419',628,,1754,29,,,0
6029,'1495421',748,,1756,29,,,0
6029,'1495423',848,,1757,22,,,0
6029,'1495425',948,,1758,22,,,0
6029,'1495427',1048,,1759,22,,,0
6029,'1495429',1148,,1760,22,,,0
6029,'1495431',1248,,1761,22,,,0
6029,'1495433',1348,,1762,22,,,0
6029,'1495435',1508,,1764,29,,,0
6029,'1495437',1628,,1766,29,,,0
6029,'1495439',1748,,1768,29,,,0
6029,'1495441',1908,,1770,29,,,0
6029,'1495443',2018,,1772,22,,,0
6029,'1495445',2118,,1773,22,,,0
6029,'1495447',2218,,1774,22,,,0
6029,'1495796',528,,1775,29,,,0
6029,'1495798',648,,1777,29,,,0
6029,'1495800',808,,1779,29,,,0
6029,'1495802',918,,1781,22,,,0
6029,'1495804',1018,,1782,22,,,0
6029,'1495806',1118,,1783,22,,,0
6029,'1495808',1218,,1784,22,,,0
6029,'1495810',1318,,1785,22,,,0
6029,'1495812',1418,,1786,22,,,0
6029,'1495814',1528,,1787,29,,,0
6029,'1495816',1648,,1789,29,,,0
6029,'1495818',1808,,1791,29,,,0
6029,'1495820',1928,,1793,29,,,0
6029,'1495822',2048,,1795,22,,,0
6029,'1495824',2148,,1796,22,,,0
6029,'1495826',2248,,1797,22,,,0
6029,'1495829',608,,1799,29,,,0
6029,'1495831',728,,1801,29,,,0
6029,'1495833',848,,1803,29,,,0
6029,'1495835',948,,1804,22,,,0
6029,'1495837',1048,,1805,22,,,0
6029,'1495839',1148,,1806,22,,,0
6029,'1495841',1248,,1807,22,,,0
6029,'1495843',1348,,1808,22,,,0
6029,'1495845',1448,,1809,22,,,0
6029,'1495847',1608,,1811,29,,,0
6029,'1495849',1728,,1813,29,,,0
