10003019,'1495063',815,,2007,13,,,0
10003019,'1495065',915,,2008,13,,,0
10003019,'1495067',1015,,2009,13,,,0
10003019,'1495069',1115,,2010,13,,,0
10003019,'1495071',1215,,2011,13,,,0
10003019,'1495073',1315,,2012,13,,,0
10003019,'1495075',1415,,2013,13,,,0
10003019,'1495077',1515,,2014,13,,,0
10003019,'1495079',1615,,2015,13,,,0
10003019,'1495081',1715,,2016,13,,,0
10003019,'1495083',1815,,2017,13,,,0
10003019,'1495213',1915,,2018,13,,,0
10003019,'1495219',2115,,2019,13,,,0
10003019,'1495317',815,,2020,13,,,0
10003019,'1495319',915,,2021,13,,,0
10003019,'1495321',1015,,2022,13,,,0
10003019,'1495323',1115,,2023,13,,,0
10003019,'1495325',1215,,2024,13,,,0
10003019,'1495327',1315,,2025,13,,,0
10003019,'1495329',1415,,2026,13,,,0
10003019,'1495331',1515,,2027,13,,,0
10003019,'1495333',1615,,2028,13,,,0
10003019,'1495335',1715,,2029,13,,,0
10003019,'1495337',1815,,2030,13,,,0
10003019,'1495339',1915,,2031,13,,,0
10003019,'1495341',2015,,2032,13,,,0
10003019,'1495343',2115,,2033,13,,,0
10003019,'1495451',715,,2034,13,,,0
10003019,'1495630',645,,2035,13,,,0
10003019,'1495632',745,,2036,13,,,0
10003019,'1495633',815,,2037,13,,,0
10003019,'1495634',845,,2038,13,,,0
10003019,'1495635',915,,2039,13,,,0
10003019,'1495636',945,,2040,13,,,0
10003019,'1495637',1015,,2041,13,,,0
10003019,'1495638',1045,,2042,13,,,0
10003019,'1495639',1115,,2043,13,,,0
10003019,'1495640',1145,,2044,13,,,0
10003019,'1495641',1215,,2045,13,,,0
10003019,'1495642',1245,,2046,13,,,0
10003019,'1495643',1315,,2047,13,,,0
10003019,'1495644',1345,,2048,13,,,0
10003019,'1495646',1445,,2049,13,,,0
10003019,'1495648',1545,,2050,13,,,0
10003019,'1495650',1645,,2051,13,,,0
10003019,'1495652',1745,,2052,13,,,0
10003019,'1495654',1845,,2053,13,,,0
10003019,'1495656',1945,,2054,13,,,0
10003019,'1495658',2045,,2055,13,,,0
10003019,'1495660',2145,,2056,13,,,0
