1029,'1494979',1024,,1352,7,,,0
1029,'1494981',1054,,1353,7,,,0
1029,'1494983',1132,,1354,7,,,0
1029,'1494985',1212,,1355,7,,,0
1029,'1494987',1252,,1356,7,,,0
1029,'1494989',1332,,1357,7,,,0
1029,'1494991',1412,,1358,7,,,0
1029,'1494993',1452,,1359,7,,,0
1029,'1494995',1532,,1360,7,,,0
1029,'1494997',1612,,1361,7,,,0
1029,'1494999',1652,,1362,7,,,0
1029,'1495001',1724,,1363,7,,,0
1029,'1495003',1754,,1364,7,,,0
1029,'1495005',1824,,1365,7,,,0
1029,'1495047',1854,,1366,7,,,0
1029,'1495051',1954,,1367,7,,,0
1029,'1495055',2054,,1368,7,,,0
1029,'1495059',2154,,1369,7,,,0
1029,'1495177',754,,1370,7,,,0
1029,'1495181',854,,1371,7,,,0
1029,'1495185',954,,1372,7,,,0
1029,'1495225',624,,1373,7,,,0
1029,'1495229',724,,1374,7,,,0
1029,'1495285',924,,1375,7,,,0
1029,'1495287',954,,1376,7,,,0
1029,'1495289',1024,,1377,7,,,0
1029,'1495291',1054,,1378,7,,,0
1029,'1495293',1132,,1379,7,,,0
1029,'1495295',1212,,1380,7,,,0
1029,'1495297',1252,,1381,7,,,0
1029,'1495299',1332,,1382,7,,,0
1029,'1495301',1412,,1383,7,,,0
1029,'1495303',1452,,1384,7,,,0
1029,'1495305',1532,,1385,7,,,0
1029,'1495307',1612,,1386,7,,,0
1029,'1495309',1652,,1387,7,,,0
1029,'1495311',1732,,1388,7,,,0
1029,'1495313',1812,,1389,7,,,0
1029,'1495315',1852,,1390,7,,,0
1029,'1495455',824,,1391,7,,,0
1029,'1495491',1924,,1392,7,,,0
1029,'1495495',2024,,1393,7,,,0
1029,'1495499',2124,,1394,7,,,0
1029,'1495503',2224,,1395,7,,,0
1029,'1495509',624,,1396,7,,,0
1029,'1495511',654,,1397,7,,,0
1029,'1495513',724,,1398,7,,,0
1029,'1495515',754,,1399,7,,,0
1029,'1495517',824,,1400,7,,,0
1029,'1495519',854,,1401,7,,,0
1029,'1495521',924,,1402,7,,,0
1029,'1495523',954,,1403,7,,,0
1029,'1495525',1024,,1404,7,,,0
1029,'1495527',1054,,1405,7,,,0
1029,'1495529',1132,,1406,7,,,0
1029,'1495531',1212,,1407,7,,,0
1029,'1495533',1252,,1408,7,,,0
1029,'1495535',1332,,1409,7,,,0
1029,'1495537',1412,,1410,7,,,0
1029,'1495539',1452,,1411,7,,,0
1029,'1495541',1532,,1412,7,,,0
1029,'1495543',1612,,1413,7,,,0
1029,'1495545',1652,,1414,7,,,0
1029,'1495547',1732,,1415,7,,,0
1029,'1495549',1812,,1416,7,,,0
1029,'1495551',1852,,1417,7,,,0
1029,'1495553',1924,,1418,7,,,0
1029,'1495555',1954,,1419,7,,,0
1029,'1495557',2024,,1420,7,,,0
1029,'1495559',2054,,1421,7,,,0
1029,'1495561',2124,,1422,7,,,0
1029,'1495563',2154,,1423,7,,,0
1029,'1495565',2224,,1424,7,,,0
1029,'1495569',2324,,1425,7,,,0
