1019,'1494978',1002,,1278,2,,,0
1019,'1494980',1032,,1279,2,,,0
1019,'1494982',1103,,1280,2,,,0
1019,'1494984',1143,,1281,2,,,0
1019,'1494986',1223,,1282,2,,,0
1019,'1494988',1303,,1283,2,,,0
1019,'1494990',1343,,1284,2,,,0
1019,'1494992',1423,,1285,2,,,0
1019,'1494994',1503,,1286,2,,,0
1019,'1494996',1543,,1287,2,,,0
1019,'1494998',1623,,1288,2,,,0
1019,'1495000',1702,,1289,2,,,0
1019,'1495002',1732,,1290,2,,,0
1019,'1495004',1802,,1291,2,,,0
1019,'1495046',1832,,1292,2,,,0
1019,'1495050',1932,,1293,2,,,0
1019,'1495054',2032,,1294,2,,,0
1019,'1495058',2132,,1295,2,,,0
1019,'1495176',732,,1296,2,,,0
1019,'1495180',832,,1297,2,,,0
1019,'1495184',932,,1298,2,,,0
1019,'1495224',602,,1299,2,,,0
1019,'1495228',702,,1300,2,,,0
1019,'1495284',902,,1301,2,,,0
1019,'1495286',932,,1302,2,,,0
1019,'1495288',1002,,1303,2,,,0
1019,'1495290',1032,,1304,2,,,0
1019,'1495292',1103,,1305,2,,,0
1019,'1495294',1143,,1306,2,,,0
1019,'1495296',1223,,1307,2,,,0
1019,'1495298',1303,,1308,2,,,0
1019,'1495300',1343,,1309,2,,,0
1019,'1495302',1423,,1310,2,,,0
1019,'1495304',1503,,1311,2,,,0
1019,'1495306',1543,,1312,2,,,0
1019,'1495308',1623,,1313,2,,,0
1019,'1495310',1703,,1314,2,,,0
1019,'1495312',1743,,1315,2,,,0
1019,'1495314',1823,,1316,2,,,0
1019,'1495454',802,,1317,2,,,0
1019,'1495490',1902,,1318,2,,,0
1019,'1495494',2002,,1319,2,,,0
1019,'1495498',2102,,1320,2,,,0
1019,'1495502',2202,,1321,2,,,0
1019,'1495508',602,,1322,2,,,0
1019,'1495510',632,,1323,2,,,0
1019,'1495512',702,,1324,2,,,0
1019,'1495514',732,,1325,2,,,0
1019,'1495516',802,,1326,2,,,0
1019,'1495518',832,,1327,2,,,0
1019,'1495520',902,,1328,2,,,0
1019,'1495522',932,,1329,2,,,0
1019,'1495524',1002,,1330,2,,,0
1019,'1495526',1032,,1331,2,,,0
1019,'1495528',1103,,1332,2,,,0
1019,'1495530',1143,,1333,2,,,0
1019,'1495532',1223,,1334,2,,,0
1019,'1495534',1303,,1335,2,,,0
1019,'1495536',1343,,1336,2,,,0
1019,'1495538',1423,,1337,2,,,0
1019,'1495540',1503,,1338,2,,,0
1019,'1495542',1543,,1339,2,,,0
1019,'1495544',1623,,1340,2,,,0
1019,'1495546',1703,,1341,2,,,0
1019,'1495548',1743,,1342,2,,,0
1019,'1495550',1823,,1343,2,,,0
1019,'1495552',1902,,1344,2,,,0
1019,'1495554',1932,,1345,2,,,0
1019,'1495556',2002,,1346,2,,,0
1019,'1495558',2032,,1347,2,,,0
1019,'1495560',2102,,1348,2,,,0
1019,'1495562',2132,,1349,2,,,0
1019,'1495564',2202,,1350,2,,,0
1019,'1495568',2302,,1351,2,,,0
7029,'1495174',702,,1886,2,,,0
7029,'1495178',802,,1887,2,,,0
7029,'1495182',902,,1888,2,,,0
7029,'1495186',1002,,1889,2,,,0
7029,'1495188',1042,,1890,2,,,0
7029,'1495191',1202,,1891,2,,,0
7029,'1495193',1242,,1892,2,,,0
7029,'1495195',1322,,1893,2,,,0
7029,'1495197',1402,,1894,2,,,0
7029,'1495199',1442,,1895,2,,,0
7029,'1495201',1522,,1896,2,,,0
7029,'1495203',1602,,1897,2,,,0
7029,'1495205',1642,,1898,2,,,0
7029,'1495207',1722,,1899,2,,,0
7029,'1495209',1802,,1900,2,,,0
7029,'1495211',1832,,1901,2,,,0
7029,'1495214',1932,,1902,2,,,0
7029,'1495217',2032,,1903,2,,,0
7029,'1495220',2132,,1904,2,,,0
7029,'1495222',2202,,1905,2,,,0
7029,'1495449',632,,1906,2,,,0
7029,'1495452',732,,1907,2,,,0
7029,'1495456',832,,1908,2,,,0
7029,'1495458',902,,1909,2,,,0
7029,'1495460',932,,1910,2,,,0
7029,'1495462',1002,,1911,2,,,0
7029,'1495464',1042,,1912,2,,,0
7029,'1495466',1122,,1913,2,,,0
7029,'1495468',1202,,1914,2,,,0
7029,'1495470',1242,,1915,2,,,0
7029,'1495472',1322,,1916,2,,,0
7029,'1495474',1402,,1917,2,,,0
7029,'1495476',1442,,1918,2,,,0
7029,'1495478',1522,,1919,2,,,0
7029,'1495480',1602,,1920,2,,,0
7029,'1495482',1642,,1921,2,,,0
7029,'1495484',1722,,1922,2,,,0
7029,'1495486',1802,,1923,2,,,0
7029,'1495488',1832,,1924,2,,,0
7029,'1495492',1932,,1925,2,,,0
7029,'1495496',2032,,1926,2,,,0
7029,'1495500',2132,,1927,2,,,0
7029,'1495504',2232,,1928,2,,,0
7029,'1495506',2302,,1929,2,,,0
7029,'1495851',602,,1930,2,,,0
7029,'1495853',632,,1931,2,,,0
7029,'1495855',702,,1932,2,,,0
7029,'1495857',732,,1933,2,,,0
7029,'1495859',802,,1934,2,,,0
7029,'1495861',832,,1935,2,,,0
7029,'1495863',902,,1936,2,,,0
7029,'1495865',942,,1937,2,,,0
7029,'1495867',1022,,1938,2,,,0
7029,'1495869',1102,,1939,2,,,0
7029,'1495871',1142,,1940,2,,,0
7029,'1495873',1222,,1941,2,,,0
7029,'1495875',1302,,1942,2,,,0
7029,'1495877',1342,,1943,2,,,0
7029,'1495879',1422,,1944,2,,,0
7029,'1495881',1502,,1945,2,,,0
7029,'1495883',1542,,1946,2,,,0
7029,'1495885',1622,,1947,2,,,0
7029,'1495887',1702,,1948,2,,,0
7029,'1495889',1742,,1949,2,,,0
7029,'1495891',1822,,1950,2,,,0
7029,'1495893',1902,,1951,2,,,0
7029,'1495895',1932,,1952,2,,,0
7029,'1495897',2002,,1953,2,,,0
7029,'1495899',2032,,1954,2,,,0
7029,'1495901',2102,,1955,2,,,0
7029,'1495903',2132,,1956,2,,,0
7029,'1495905',2202,,1957,2,,,0
7029,'1495907',2232,,1958,2,,,0
7029,'1495909',2302,,1959,2,,,0
10003019,'1495063',802,,2007,2,,,0
10003019,'1495065',902,,2008,2,,,0
10003019,'1495067',1002,,2009,2,,,0
10003019,'1495069',1102,,2010,2,,,0
10003019,'1495071',1202,,2011,2,,,0
10003019,'1495073',1302,,2012,2,,,0
10003019,'1495075',1402,,2013,2,,,0
10003019,'1495077',1502,,2014,2,,,0
10003019,'1495079',1602,,2015,2,,,0
10003019,'1495081',1702,,2016,2,,,0
10003019,'1495083',1802,,2017,2,,,0
10003019,'1495213',1902,,2018,2,,,0
10003019,'1495219',2102,,2019,2,,,0
10003019,'1495317',802,,2020,2,,,0
10003019,'1495319',902,,2021,2,,,0
10003019,'1495321',1002,,2022,2,,,0
10003019,'1495323',1102,,2023,2,,,0
10003019,'1495325',1202,,2024,2,,,0
10003019,'1495327',1302,,2025,2,,,0
10003019,'1495329',1402,,2026,2,,,0
10003019,'1495331',1502,,2027,2,,,0
10003019,'1495333',1602,,2028,2,,,0
10003019,'1495335',1702,,2029,2,,,0
10003019,'1495337',1802,,2030,2,,,0
10003019,'1495339',1902,,2031,2,,,0
10003019,'1495341',2002,,2032,2,,,0
10003019,'1495343',2102,,2033,2,,,0
10003019,'1495451',702,,2034,2,,,0
10003019,'1495630',632,,2035,2,,,0
10003019,'1495632',732,,2036,2,,,0
10003019,'1495633',802,,2037,2,,,0
10003019,'1495634',832,,2038,2,,,0
10003019,'1495635',902,,2039,2,,,0
10003019,'1495636',932,,2040,2,,,0
10003019,'1495637',1002,,2041,2,,,0
10003019,'1495638',1032,,2042,2,,,0
10003019,'1495639',1102,,2043,2,,,0
10003019,'1495640',1132,,2044,2,,,0
10003019,'1495641',1202,,2045,2,,,0
10003019,'1495642',1232,,2046,2,,,0
10003019,'1495643',1302,,2047,2,,,0
10003019,'1495644',1332,,2048,2,,,0
10003019,'1495646',1432,,2049,2,,,0
10003019,'1495648',1532,,2050,2,,,0
10003019,'1495650',1632,,2051,2,,,0
10003019,'1495652',1732,,2052,2,,,0
10003019,'1495654',1832,,2053,2,,,0
10003019,'1495656',1932,,2054,2,,,0
10003019,'1495658',2032,,2055,2,,,0
10003019,'1495660',2132,,2056,2,,,0
