10005019,'1495119',736,,2057,7,,,0
10005019,'1495121',836,,2058,7,,,0
10005019,'1495123',936,,2059,7,,,0
10005019,'1495125',1036,,2060,7,,,0
10005019,'1495127',1136,,2061,7,,,0
10005019,'1495129',1236,,2062,7,,,0
10005019,'1495131',1336,,2063,7,,,0
10005019,'1495133',1436,,2064,7,,,0
10005019,'1495135',1536,,2065,7,,,0
10005019,'1495137',1636,,2066,7,,,0
10005019,'1495139',1736,,2067,7,,,0
10005019,'1495141',1836,,2068,7,,,0
10005019,'1495143',1936,,2069,7,,,0
10005019,'1495145',2036,,2070,7,,,0
10005019,'1495147',2136,,2071,7,,,0
10005019,'1495386',636,,2072,7,,,0
10005019,'1495388',736,,2073,7,,,0
10005019,'1495390',836,,2074,7,,,0
10005019,'1495392',936,,2075,7,,,0
10005019,'1495394',1036,,2076,7,,,0
10005019,'1495396',1136,,2077,7,,,0
10005019,'1495398',1236,,2078,7,,,0
10005019,'1495400',1336,,2079,7,,,0
10005019,'1495402',1436,,2080,7,,,0
10005019,'1495404',1536,,2081,7,,,0
10005019,'1495406',1636,,2082,7,,,0
10005019,'1495408',1736,,2083,7,,,0
10005019,'1495410',1836,,2084,7,,,0
10005019,'1495412',1936,,2085,7,,,0
10005019,'1495414',2036,,2086,7,,,0
10005019,'1495416',2136,,2087,7,,,0
10005019,'1495418',2236,,2088,7,,,0
10005019,'1495736',706,,2089,7,,,0
10005019,'1495737',736,,2090,7,,,0
10005019,'1495738',806,,2091,7,,,0
10005019,'1495739',836,,2092,7,,,0
10005019,'1495740',906,,2093,7,,,0
10005019,'1495741',936,,2094,7,,,0
10005019,'1495742',1006,,2095,7,,,0
10005019,'1495743',1036,,2096,7,,,0
10005019,'1495744',1106,,2097,7,,,0
10005019,'1495745',1136,,2098,7,,,0
10005019,'1495746',1206,,2099,7,,,0
10005019,'1495747',1236,,2100,7,,,0
10005019,'1495748',1306,,2101,7,,,0
10005019,'1495749',1336,,2102,7,,,0
10005019,'1495750',1406,,2103,7,,,0
10005019,'1495751',1436,,2104,7,,,0
10005019,'1495752',1506,,2105,7,,,0
10005019,'1495753',1536,,2106,7,,,0
10005019,'1495754',1606,,2107,7,,,0
10005019,'1495755',1636,,2108,7,,,0
10005019,'1495756',1706,,2109,7,,,0
10005019,'1495757',1736,,2110,7,,,0
10005019,'1495758',1806,,2111,7,,,0
10005019,'1495759',1836,,2112,7,,,0
10005019,'1495761',1936,,2113,7,,,0
10005019,'1495763',2036,,2114,7,,,0
10005019,'1495765',2136,,2115,7,,,0
10005019,'1495767',2236,,2116,7,,,0
10005019,'1495769',536,,2117,7,,,0
10005019,'1495771',636,,2118,7,,,0
