6019,'1495151',920,,1704,20,,,0
6019,'1495153',1020,,1705,20,,,0
6019,'1495155',1120,,1706,20,,,0
6019,'1495157',1220,,1707,20,,,0
6019,'1495159',1320,,1708,20,,,0
6019,'1495161',1420,,1709,20,,,0
6019,'1495171',2050,,1710,20,,,0
6019,'1495173',2150,,1711,20,,,0
6019,'1495422',820,,1712,20,,,0
6019,'1495424',920,,1713,20,,,0
6019,'1495426',1020,,1714,20,,,0
6019,'1495428',1120,,1715,20,,,0
6019,'1495430',1220,,1716,20,,,0
6019,'1495432',1320,,1717,20,,,0
6019,'1495444',2050,,1718,20,,,0
6019,'1495446',2150,,1719,20,,,0
6019,'1495448',2250,,1720,20,,,0
6019,'1495803',950,,1721,20,,,0
6019,'1495805',1050,,1722,20,,,0
6019,'1495807',1150,,1723,20,,,0
6019,'1495809',1250,,1724,20,,,0
6019,'1495811',1350,,1725,20,,,0
6019,'1495813',1450,,1726,20,,,0
6019,'1495823',2120,,1727,20,,,0
6019,'1495825',2220,,1728,20,,,0
6019,'1495827',2320,,1729,20,,,0
6019,'1495834',920,,1730,20,,,0
6019,'1495836',1020,,1731,20,,,0
6019,'1495838',1120,,1732,20,,,0
6019,'1495840',1220,,1733,20,,,0
6019,'1495842',1320,,1734,20,,,0
6019,'1495844',1420,,1735,20,,,0
6029,'1495149',809,,1737,27,0,5,0
6029,'1495163',1529,,1745,27,0,5,0
6029,'1495165',1649,,1747,27,0,5,0
6029,'1495167',1809,,1749,27,0,5,0
6029,'1495169',1929,,1751,27,0,5,0
6029,'1495420',709,,1755,27,0,5,0
6029,'1495434',1429,,1763,27,0,5,0
6029,'1495436',1549,,1765,27,0,5,0
6029,'1495438',1709,,1767,27,0,5,0
6029,'1495440',1829,,1769,27,0,5,0
6029,'1495442',1949,,1771,27,0,5,0
6029,'1495797',609,,1776,27,0,5,0
6029,'1495799',729,,1778,27,0,5,0
6029,'1495801',849,,1780,27,0,5,0
6029,'1495815',1609,,1788,27,0,5,0
6029,'1495817',1729,,1790,27,0,5,0
6029,'1495819',1849,,1792,27,0,5,0
6029,'1495821',2009,,1794,27,0,5,0
6029,'1495828',529,,1798,27,0,5,0
6029,'1495830',649,,1800,27,0,5,0
6029,'1495832',809,,1802,27,0,5,0
6029,'1495846',1529,,1810,27,0,5,0
6029,'1495848',1649,,1812,27,0,5,0
6029,'1495850',1809,,1814,27,0,5,0
140000019,'1495223',2246,,2230,20,,,0
140000019,'1495507',2346,,2231,20,,,0
140000019,'1495910',2346,,2232,20,,,0
