6029,'1495148',736,,1736,35,,,0
6029,'1495150',856,,1738,35,,,0
6029,'1495152',956,,1739,28,,,0
6029,'1495154',1056,,1740,28,,,0
6029,'1495156',1156,,1741,28,,,0
6029,'1495158',1256,,1742,28,,,0
6029,'1495160',1356,,1743,28,,,0
6029,'1495162',1456,,1744,28,,,0
6029,'1495164',1616,,1746,35,,,0
6029,'1495166',1736,,1748,35,,,0
6029,'1495168',1856,,1750,35,,,0
6029,'1495170',2016,,1752,35,,,0
6029,'1495172',2126,,1753,28,,,0
6029,'1495419',636,,1754,35,,,0
6029,'1495421',756,,1756,35,,,0
6029,'1495423',856,,1757,28,,,0
6029,'1495425',956,,1758,28,,,0
6029,'1495427',1056,,1759,28,,,0
6029,'1495429',1156,,1760,28,,,0
6029,'1495431',1256,,1761,28,,,0
6029,'1495433',1356,,1762,28,,,0
6029,'1495435',1516,,1764,35,,,0
6029,'1495437',1636,,1766,35,,,0
6029,'1495439',1756,,1768,35,,,0
6029,'1495441',1916,,1770,35,,,0
6029,'1495443',2026,,1772,28,,,0
6029,'1495445',2126,,1773,28,,,0
6029,'1495447',2226,,1774,28,,,0
6029,'1495796',536,,1775,35,,,0
6029,'1495798',656,,1777,35,,,0
6029,'1495800',816,,1779,35,,,0
6029,'1495802',926,,1781,28,,,0
6029,'1495804',1026,,1782,28,,,0
6029,'1495806',1126,,1783,28,,,0
6029,'1495808',1226,,1784,28,,,0
6029,'1495810',1326,,1785,28,,,0
6029,'1495812',1426,,1786,28,,,0
6029,'1495814',1536,,1787,35,,,0
6029,'1495816',1656,,1789,35,,,0
6029,'1495818',1816,,1791,35,,,0
6029,'1495820',1936,,1793,35,,,0
6029,'1495822',2056,,1795,28,,,0
6029,'1495824',2156,,1796,28,,,0
6029,'1495826',2256,,1797,28,,,0
6029,'1495829',616,,1799,35,,,0
6029,'1495831',736,,1801,35,,,0
6029,'1495833',856,,1803,35,,,0
6029,'1495835',956,,1804,28,,,0
6029,'1495837',1056,,1805,28,,,0
6029,'1495839',1156,,1806,28,,,0
6029,'1495841',1256,,1807,28,,,0
6029,'1495843',1356,,1808,28,,,0
6029,'1495845',1456,,1809,28,,,0
6029,'1495847',1616,,1811,35,,,0
6029,'1495849',1736,,1813,35,,,0
7029,'1495174',710,,1886,10,,,0
7029,'1495178',810,,1887,10,,,0
7029,'1495182',910,,1888,10,,,0
7029,'1495186',1014,,1889,10,,,0
7029,'1495188',1054,,1890,10,,,0
7029,'1495191',1214,,1891,10,,,0
7029,'1495193',1254,,1892,10,,,0
7029,'1495195',1334,,1893,10,,,0
7029,'1495197',1414,,1894,10,,,0
7029,'1495199',1454,,1895,10,,,0
7029,'1495201',1534,,1896,10,,,0
7029,'1495203',1614,,1897,10,,,0
7029,'1495205',1654,,1898,10,,,0
7029,'1495207',1734,,1899,10,,,0
7029,'1495209',1810,,1900,10,,,0
7029,'1495211',1840,,1901,10,,,0
7029,'1495214',1940,,1902,10,,,0
7029,'1495217',2040,,1903,10,,,0
7029,'1495220',2140,,1904,10,,,0
7029,'1495222',2210,,1905,10,,,0
7029,'1495449',640,,1906,10,,,0
7029,'1495452',740,,1907,10,,,0
7029,'1495456',840,,1908,10,,,0
7029,'1495458',910,,1909,10,,,0
7029,'1495460',940,,1910,10,,,0
7029,'1495462',1014,,1911,10,,,0
7029,'1495464',1054,,1912,10,,,0
7029,'1495466',1134,,1913,10,,,0
7029,'1495468',1214,,1914,10,,,0
7029,'1495470',1254,,1915,10,,,0
7029,'1495472',1334,,1916,10,,,0
7029,'1495474',1414,,1917,10,,,0
7029,'1495476',1454,,1918,10,,,0
7029,'1495478',1534,,1919,10,,,0
7029,'1495480',1614,,1920,10,,,0
7029,'1495482',1654,,1921,10,,,0
7029,'1495484',1734,,1922,10,,,0
7029,'1495486',1810,,1923,10,,,0
7029,'1495488',1840,,1924,10,,,0
7029,'1495492',1940,,1925,10,,,0
7029,'1495496',2040,,1926,10,,,0
7029,'1495500',2140,,1927,10,,,0
7029,'1495504',2240,,1928,10,,,0
7029,'1495506',2310,,1929,10,,,0
7029,'1495851',610,,1930,10,,,0
7029,'1495853',640,,1931,10,,,0
7029,'1495855',710,,1932,10,,,0
7029,'1495857',740,,1933,10,,,0
7029,'1495859',810,,1934,10,,,0
7029,'1495861',840,,1935,10,,,0
7029,'1495863',914,,1936,10,,,0
7029,'1495865',954,,1937,10,,,0
7029,'1495867',1034,,1938,10,,,0
7029,'1495869',1114,,1939,10,,,0
7029,'1495871',1154,,1940,10,,,0
7029,'1495873',1234,,1941,10,,,0
7029,'1495875',1314,,1942,10,,,0
7029,'1495877',1354,,1943,10,,,0
7029,'1495879',1434,,1944,10,,,0
7029,'1495881',1514,,1945,10,,,0
7029,'1495883',1554,,1946,10,,,0
7029,'1495885',1634,,1947,10,,,0
7029,'1495887',1714,,1948,10,,,0
7029,'1495889',1754,,1949,10,,,0
7029,'1495891',1834,,1950,10,,,0
7029,'1495893',1910,,1951,10,,,0
7029,'1495895',1940,,1952,10,,,0
7029,'1495897',2010,,1953,10,,,0
7029,'1495899',2040,,1954,10,,,0
7029,'1495901',2110,,1955,10,,,0
7029,'1495903',2140,,1956,10,,,0
7029,'1495905',2210,,1957,10,,,0
7029,'1495907',2240,,1958,10,,,0
7029,'1495909',2310,,1959,10,,,0
