6029,'1495148',706,,1736,8,,,0
6029,'1495150',826,,1738,8,,,0
6029,'1495152',936,,1739,8,,,0
6029,'1495154',1036,,1740,8,,,0
6029,'1495156',1136,,1741,8,,,0
6029,'1495158',1236,,1742,8,,,0
6029,'1495160',1336,,1743,8,,,0
6029,'1495162',1436,,1744,8,,,0
6029,'1495164',1546,,1746,8,,,0
6029,'1495166',1706,,1748,8,,,0
6029,'1495168',1826,,1750,8,,,0
6029,'1495170',1946,,1752,8,,,0
6029,'1495172',2106,,1753,8,,,0
6029,'1495419',606,,1754,8,,,0
6029,'1495421',726,,1756,8,,,0
6029,'1495423',836,,1757,8,,,0
6029,'1495425',936,,1758,8,,,0
6029,'1495427',1036,,1759,8,,,0
6029,'1495429',1136,,1760,8,,,0
6029,'1495431',1236,,1761,8,,,0
6029,'1495433',1336,,1762,8,,,0
6029,'1495435',1446,,1764,8,,,0
6029,'1495437',1606,,1766,8,,,0
6029,'1495439',1726,,1768,8,,,0
6029,'1495441',1846,,1770,8,,,0
6029,'1495443',2006,,1772,8,,,0
6029,'1495445',2106,,1773,8,,,0
6029,'1495447',2206,,1774,8,,,0
6029,'1495796',506,,1775,8,,,0
6029,'1495798',626,,1777,8,,,0
6029,'1495800',746,,1779,8,,,0
6029,'1495802',906,,1781,8,,,0
6029,'1495804',1006,,1782,8,,,0
6029,'1495806',1106,,1783,8,,,0
6029,'1495808',1206,,1784,8,,,0
6029,'1495810',1306,,1785,8,,,0
6029,'1495812',1406,,1786,8,,,0
6029,'1495814',1506,,1787,8,,,0
6029,'1495816',1626,,1789,8,,,0
6029,'1495818',1746,,1791,8,,,0
6029,'1495820',1906,,1793,8,,,0
6029,'1495822',2036,,1795,8,,,0
6029,'1495824',2136,,1796,8,,,0
6029,'1495826',2236,,1797,8,,,0
6029,'1495829',546,,1799,8,,,0
6029,'1495831',706,,1801,8,,,0
6029,'1495833',826,,1803,8,,,0
6029,'1495835',936,,1804,8,,,0
6029,'1495837',1036,,1805,8,,,0
6029,'1495839',1136,,1806,8,,,0
6029,'1495841',1236,,1807,8,,,0
6029,'1495843',1336,,1808,8,,,0
6029,'1495845',1436,,1809,8,,,0
6029,'1495847',1546,,1811,8,,,0
6029,'1495849',1706,,1813,8,,,0
