30003019,'1495062',751,,2119,17,,,0
30003019,'1495064',851,,2120,17,,,0
30003019,'1495066',951,,2121,17,,,0
30003019,'1495068',1051,,2122,17,,,0
30003019,'1495070',1151,,2123,17,,,0
30003019,'1495072',1251,,2124,17,,,0
30003019,'1495074',1351,,2125,17,,,0
30003019,'1495076',1451,,2126,17,,,0
30003019,'1495078',1551,,2127,17,,,0
30003019,'1495080',1651,,2128,17,,,0
30003019,'1495082',1751,,2129,17,,,0
30003019,'1495084',1851,,2130,17,,,0
30003019,'1495216',2021,,2131,17,,,0
30003019,'1495316',751,,2132,17,,,0
30003019,'1495318',851,,2133,17,,,0
30003019,'1495320',951,,2134,17,,,0
30003019,'1495322',1051,,2135,17,,,0
30003019,'1495324',1151,,2136,17,,,0
30003019,'1495326',1251,,2137,17,,,0
30003019,'1495328',1351,,2138,17,,,0
30003019,'1495330',1451,,2139,17,,,0
30003019,'1495332',1551,,2140,17,,,0
30003019,'1495334',1651,,2141,17,,,0
30003019,'1495336',1751,,2142,17,,,0
30003019,'1495338',1851,,2143,17,,,0
30003019,'1495340',1951,,2144,17,,,0
30003019,'1495342',2051,,2145,17,,,0
30003019,'1495344',2151,,2146,17,,,0
30003019,'1495631',721,,2147,17,,,0
30003019,'1495645',1421,,2148,17,,,0
30003019,'1495647',1521,,2149,17,,,0
30003019,'1495649',1621,,2150,17,,,0
30003019,'1495651',1721,,2151,17,,,0
30003019,'1495653',1821,,2152,17,,,0
30003019,'1495655',1921,,2153,17,,,0
30003019,'1495657',2021,,2154,17,,,0
30003019,'1495659',2121,,2155,17,,,0
30003019,'1495661',2221,,2156,17,,,0
30003019,'1495662',836,,2157,17,,,0
30003019,'1495663',906,,2158,17,,,0
30003019,'1495664',936,,2159,17,,,0
30003019,'1495665',1006,,2160,17,,,0
30003019,'1495666',1036,,2161,17,,,0
30003019,'1495667',1106,,2162,17,,,0
30003019,'1495668',1136,,2163,17,,,0
30003019,'1495669',1206,,2164,17,,,0
30003019,'1495670',1236,,2165,17,,,0
30003019,'1495671',1306,,2166,17,,,0
30003019,'1495672',1336,,2167,17,,,0
