4019,'1495085',728,,1604,9,,,0
4019,'1495088',848,,1605,9,,,0
4019,'1495091',1008,,1606,9,,,0
4019,'1495094',1128,,1607,9,,,0
4019,'1495097',1248,,1608,9,,,0
4019,'1495100',1408,,1609,9,,,0
4019,'1495103',1528,,1610,9,,,0
4019,'1495106',1648,,1611,9,,,0
4019,'1495109',1808,,1612,9,,,0
4019,'1495112',1928,,1613,9,,,0
4019,'1495115',2048,,1614,9,,,0
4019,'1495345',608,,1615,9,,,0
4019,'1495348',728,,1616,9,,,0
4019,'1495351',848,,1617,9,,,0
4019,'1495354',1008,,1618,9,,,0
4019,'1495357',1128,,1619,9,,,0
4019,'1495360',1248,,1620,9,,,0
4019,'1495363',1408,,1621,9,,,0
4019,'1495366',1528,,1622,9,,,0
4019,'1495369',1648,,1623,9,,,0
4019,'1495372',1808,,1624,9,,,0
4019,'1495375',1928,,1625,9,,,0
4019,'1495378',2048,,1626,9,,,0
4019,'1495381',2208,,1627,9,,,0
4019,'1495383',2248,,1628,9,,,0
4019,'1495685',548,,1629,9,,,0
4019,'1495687',628,,1630,9,,,0
4019,'1495689',708,,1631,9,,,0
4019,'1495691',748,,1632,9,,,0
4019,'1495693',828,,1633,9,,,0
4019,'1495695',908,,1634,9,,,0
4019,'1495697',948,,1635,9,,,0
4019,'1495699',1028,,1636,9,,,0
4019,'1495701',1108,,1637,9,,,0
4019,'1495703',1148,,1638,9,,,0
4019,'1495705',1228,,1639,9,,,0
4019,'1495707',1308,,1640,9,,,0
4019,'1495709',1348,,1641,9,,,0
4019,'1495711',1428,,1642,9,,,0
4019,'1495713',1508,,1643,9,,,0
4019,'1495715',1548,,1644,9,,,0
4019,'1495717',1628,,1645,9,,,0
4019,'1495719',1708,,1646,9,,,0
4019,'1495721',1748,,1647,9,,,0
4019,'1495723',1828,,1648,9,,,0
4019,'1495725',1908,,1649,9,,,0
4019,'1495727',1948,,1650,9,,,0
4019,'1495729',2028,,1651,9,,,0
4019,'1495731',2108,,1652,9,,,0
4019,'1495734',2228,,1653,9,,,0
140000019,'1495223',2304,,2230,40,,,0
140000019,'1495507',2404,,2231,40,,,0
140000019,'1495910',2404,,2232,40,,,0
