4019,'1495085',729,,1604,10,,,0
4019,'1495088',849,,1605,10,,,0
4019,'1495091',1009,,1606,10,,,0
4019,'1495094',1129,,1607,10,,,0
4019,'1495097',1249,,1608,10,,,0
4019,'1495100',1409,,1609,10,,,0
4019,'1495103',1529,,1610,10,,,0
4019,'1495106',1649,,1611,10,,,0
4019,'1495109',1809,,1612,10,,,0
4019,'1495112',1929,,1613,10,,,0
4019,'1495115',2049,,1614,10,,,0
4019,'1495345',609,,1615,10,,,0
4019,'1495348',729,,1616,10,,,0
4019,'1495351',849,,1617,10,,,0
4019,'1495354',1009,,1618,10,,,0
4019,'1495357',1129,,1619,10,,,0
4019,'1495360',1249,,1620,10,,,0
4019,'1495363',1409,,1621,10,,,0
4019,'1495366',1529,,1622,10,,,0
4019,'1495369',1649,,1623,10,,,0
4019,'1495372',1809,,1624,10,,,0
4019,'1495375',1929,,1625,10,,,0
4019,'1495378',2049,,1626,10,,,0
4019,'1495381',2209,,1627,10,,,0
4019,'1495383',2249,,1628,10,,,0
4019,'1495685',549,,1629,10,,,0
4019,'1495687',629,,1630,10,,,0
4019,'1495689',709,,1631,10,,,0
4019,'1495691',749,,1632,10,,,0
4019,'1495693',829,,1633,10,,,0
4019,'1495695',909,,1634,10,,,0
4019,'1495697',949,,1635,10,,,0
4019,'1495699',1029,,1636,10,,,0
4019,'1495701',1109,,1637,10,,,0
4019,'1495703',1149,,1638,10,,,0
4019,'1495705',1229,,1639,10,,,0
4019,'1495707',1309,,1640,10,,,0
4019,'1495709',1349,,1641,10,,,0
4019,'1495711',1429,,1642,10,,,0
4019,'1495713',1509,,1643,10,,,0
4019,'1495715',1549,,1644,10,,,0
4019,'1495717',1629,,1645,10,,,0
4019,'1495719',1709,,1646,10,,,0
4019,'1495721',1749,,1647,10,,,0
4019,'1495723',1829,,1648,10,,,0
4019,'1495725',1909,,1649,10,,,0
4019,'1495727',1949,,1650,10,,,0
4019,'1495729',2029,,1651,10,,,0
4019,'1495731',2109,,1652,10,,,0
4019,'1495734',2229,,1653,10,,,0
140000019,'1495223',2304,,2230,41,,,0
140000019,'1495507',2404,,2231,41,,,0
140000019,'1495910',2404,,2232,41,,,0
