2029,'1495007',716,,1515,2,,,0
2029,'1495009',746,,1516,2,,,0
2029,'1495011',816,,1517,2,,,0
2029,'1495013',846,,1518,2,,,0
2029,'1495015',916,,1519,2,,,0
2029,'1495017',946,,1520,2,,,0
2029,'1495019',1016,,1521,2,,,0
2029,'1495021',1046,,1522,2,,,0
2029,'1495023',1122,,1523,2,,,0
2029,'1495025',1202,,1524,2,,,0
2029,'1495027',1242,,1525,2,,,0
2029,'1495029',1322,,1526,2,,,0
2029,'1495031',1402,,1527,2,,,0
2029,'1495033',1442,,1528,2,,,0
2029,'1495035',1522,,1529,2,,,0
2029,'1495037',1602,,1530,2,,,0
2029,'1495039',1642,,1531,2,,,0
2029,'1495041',1716,,1532,2,,,0
2029,'1495043',1746,,1533,2,,,0
2029,'1495045',1816,,1534,2,,,0
2029,'1495049',1916,,1535,2,,,0
2029,'1495053',2016,,1536,2,,,0
2029,'1495057',2116,,1537,2,,,0
2029,'1495061',2216,,1538,2,,,0
2029,'1495227',646,,1539,2,,,0
2029,'1495231',746,,1540,2,,,0
2029,'1495233',816,,1541,2,,,0
2029,'1495235',846,,1542,2,,,0
2029,'1495237',916,,1543,2,,,0
2029,'1495239',946,,1544,2,,,0
2029,'1495241',1016,,1545,2,,,0
2029,'1495243',1046,,1546,2,,,0
2029,'1495245',1122,,1547,2,,,0
2029,'1495247',1202,,1548,2,,,0
2029,'1495249',1242,,1549,2,,,0
2029,'1495251',1322,,1550,2,,,0
2029,'1495253',1402,,1551,2,,,0
2029,'1495255',1442,,1552,2,,,0
2029,'1495257',1522,,1553,2,,,0
2029,'1495259',1602,,1554,2,,,0
2029,'1495261',1642,,1555,2,,,0
2029,'1495263',1722,,1556,2,,,0
2029,'1495265',1802,,1557,2,,,0
2029,'1495267',1842,,1558,2,,,0
2029,'1495269',1916,,1559,2,,,0
2029,'1495271',1946,,1560,2,,,0
2029,'1495273',2016,,1561,2,,,0
2029,'1495275',2046,,1562,2,,,0
2029,'1495277',2116,,1563,2,,,0
2029,'1495279',2146,,1564,2,,,0
2029,'1495281',2216,,1565,2,,,0
2029,'1495283',2246,,1566,2,,,0
2029,'1495567',2246,,1567,2,,,0
2029,'1495571',516,,1568,2,,,0
2029,'1495573',546,,1569,2,,,0
2029,'1495575',616,,1570,2,,,0
2029,'1495577',646,,1571,2,,,0
2029,'1495579',716,,1572,2,,,0
2029,'1495581',746,,1573,2,,,0
2029,'1495583',816,,1574,2,,,0
2029,'1495585',846,,1575,2,,,0
2029,'1495587',916,,1576,2,,,0
2029,'1495589',946,,1577,2,,,0
2029,'1495591',1016,,1578,2,,,0
2029,'1495593',1046,,1579,2,,,0
2029,'1495595',1122,,1580,2,,,0
2029,'1495597',1202,,1581,2,,,0
2029,'1495599',1242,,1582,2,,,0
2029,'1495601',1322,,1583,2,,,0
2029,'1495603',1402,,1584,2,,,0
2029,'1495605',1442,,1585,2,,,0
2029,'1495607',1522,,1586,2,,,0
2029,'1495609',1602,,1587,2,,,0
2029,'1495611',1642,,1588,2,,,0
2029,'1495613',1722,,1589,2,,,0
2029,'1495615',1802,,1590,2,,,0
2029,'1495617',1842,,1591,2,,,0
2029,'1495619',1916,,1592,2,,,0
2029,'1495621',1946,,1593,2,,,0
2029,'1495623',2016,,1594,2,,,0
2029,'1495625',2046,,1595,2,,,0
2029,'1495627',2116,,1596,2,,,0
2029,'1495629',2146,,1597,2,,,0
2029,'1495674',1422,,1598,2,,,0
2029,'1495676',1502,,1599,2,,,0
2029,'1495678',1542,,1600,2,,,0
2029,'1495680',1622,,1601,2,,,0
2029,'1495682',1702,,1602,2,,,0
2029,'1495684',1742,,1603,2,,,0
