8019,'1495087',805,,1960,3,,,0
8019,'1495090',925,,1961,3,,,0
8019,'1495093',1045,,1962,3,,,0
8019,'1495096',1205,,1963,3,,,0
8019,'1495099',1325,,1964,3,,,0
8019,'1495102',1445,,1965,3,,,0
8019,'1495105',1605,,1966,3,,,0
8019,'1495108',1725,,1967,3,,,0
8019,'1495111',1845,,1968,3,,,0
8019,'1495114',2005,,1969,3,,,0
8019,'1495117',2125,,1970,3,,,0
8019,'1495190',1125,,1971,3,,,0
8019,'1495347',645,,1972,3,,,0
8019,'1495350',805,,1973,3,,,0
8019,'1495353',925,,1974,3,,,0
8019,'1495356',1045,,1975,3,,,0
8019,'1495359',1205,,1976,3,,,0
8019,'1495362',1325,,1977,3,,,0
8019,'1495365',1445,,1978,3,,,0
8019,'1495368',1605,,1979,3,,,0
8019,'1495371',1725,,1980,3,,,0
8019,'1495374',1845,,1981,3,,,0
8019,'1495377',2005,,1982,3,,,0
8019,'1495380',2125,,1983,3,,,0
8019,'1495733',2145,,1984,3,,,0
8019,'1495911',625,,1985,3,,,0
8019,'1495912',705,,1986,3,,,0
8019,'1495913',745,,1987,3,,,0
8019,'1495914',825,,1988,3,,,0
8019,'1495915',905,,1989,3,,,0
8019,'1495916',945,,1990,3,,,0
8019,'1495917',1025,,1991,3,,,0
8019,'1495918',1105,,1992,3,,,0
8019,'1495919',1145,,1993,3,,,0
8019,'1495920',1225,,1994,3,,,0
8019,'1495921',1305,,1995,3,,,0
8019,'1495922',1345,,1996,3,,,0
8019,'1495923',1425,,1997,3,,,0
8019,'1495924',1505,,1998,3,,,0
8019,'1495925',1545,,1999,3,,,0
8019,'1495926',1625,,2000,3,,,0
8019,'1495927',1705,,2001,3,,,0
8019,'1495928',1745,,2002,3,,,0
8019,'1495929',1825,,2003,3,,,0
8019,'1495930',1905,,2004,3,,,0
8019,'1495931',1945,,2005,3,,,0
8019,'1495932',2025,,2006,3,,,0
30003019,'1495062',736,,2119,3,,,0
30003019,'1495064',836,,2120,3,,,0
30003019,'1495066',936,,2121,3,,,0
30003019,'1495068',1036,,2122,3,,,0
30003019,'1495070',1136,,2123,3,,,0
30003019,'1495072',1236,,2124,3,,,0
30003019,'1495074',1336,,2125,3,,,0
30003019,'1495076',1436,,2126,3,,,0
30003019,'1495078',1536,,2127,3,,,0
30003019,'1495080',1636,,2128,3,,,0
30003019,'1495082',1736,,2129,3,,,0
30003019,'1495084',1836,,2130,3,,,0
30003019,'1495216',2006,,2131,3,,,0
30003019,'1495316',736,,2132,3,,,0
30003019,'1495318',836,,2133,3,,,0
30003019,'1495320',936,,2134,3,,,0
30003019,'1495322',1036,,2135,3,,,0
30003019,'1495324',1136,,2136,3,,,0
30003019,'1495326',1236,,2137,3,,,0
30003019,'1495328',1336,,2138,3,,,0
30003019,'1495330',1436,,2139,3,,,0
30003019,'1495332',1536,,2140,3,,,0
30003019,'1495334',1636,,2141,3,,,0
30003019,'1495336',1736,,2142,3,,,0
30003019,'1495338',1836,,2143,3,,,0
30003019,'1495340',1936,,2144,3,,,0
30003019,'1495342',2036,,2145,3,,,0
30003019,'1495344',2136,,2146,3,,,0
30003019,'1495631',706,,2147,3,,,0
30003019,'1495645',1406,,2148,3,,,0
30003019,'1495647',1506,,2149,3,,,0
30003019,'1495649',1606,,2150,3,,,0
30003019,'1495651',1706,,2151,3,,,0
30003019,'1495653',1806,,2152,3,,,0
30003019,'1495655',1906,,2153,3,,,0
30003019,'1495657',2006,,2154,3,,,0
30003019,'1495659',2106,,2155,3,,,0
30003019,'1495661',2206,,2156,3,,,0
30003019,'1495662',821,,2157,3,,,0
30003019,'1495663',851,,2158,3,,,0
30003019,'1495664',921,,2159,3,,,0
30003019,'1495665',951,,2160,3,,,0
30003019,'1495666',1021,,2161,3,,,0
30003019,'1495667',1051,,2162,3,,,0
30003019,'1495668',1121,,2163,3,,,0
30003019,'1495669',1151,,2164,3,,,0
30003019,'1495670',1221,,2165,3,,,0
30003019,'1495671',1251,,2166,3,,,0
30003019,'1495672',1321,,2167,3,,,0
