7019,'1495175',725,,1815,8,,,0
7019,'1495179',825,,1816,8,,,0
7019,'1495183',925,,1817,8,,,0
7019,'1495187',1034,,1818,8,,,0
7019,'1495189',1114,,1819,8,,,0
7019,'1495192',1234,,1820,8,,,0
7019,'1495194',1314,,1821,8,,,0
7019,'1495196',1354,,1822,8,,,0
7019,'1495198',1434,,1823,8,,,0
7019,'1495200',1514,,1824,8,,,0
7019,'1495202',1554,,1825,8,,,0
7019,'1495204',1634,,1826,8,,,0
7019,'1495206',1714,,1827,8,,,0
7019,'1495208',1754,,1828,8,,,0
7019,'1495210',1825,,1829,8,,,0
7019,'1495212',1855,,1830,8,,,0
7019,'1495215',1955,,1831,8,,,0
7019,'1495218',2055,,1832,8,,,0
7019,'1495221',2155,,1833,8,,,0
7019,'1495450',655,,1834,8,,,0
7019,'1495453',755,,1835,8,,,0
7019,'1495457',855,,1836,8,,,0
7019,'1495459',925,,1837,8,,,0
7019,'1495461',955,,1838,8,,,0
7019,'1495463',1034,,1839,8,,,0
7019,'1495465',1114,,1840,8,,,0
7019,'1495467',1154,,1841,8,,,0
7019,'1495469',1234,,1842,8,,,0
7019,'1495471',1314,,1843,8,,,0
7019,'1495473',1354,,1844,8,,,0
7019,'1495475',1434,,1845,8,,,0
7019,'1495477',1514,,1846,8,,,0
7019,'1495479',1554,,1847,8,,,0
7019,'1495481',1634,,1848,8,,,0
7019,'1495483',1714,,1849,8,,,0
7019,'1495485',1754,,1850,8,,,0
7019,'1495487',1825,,1851,8,,,0
7019,'1495489',1855,,1852,8,,,0
7019,'1495493',1955,,1853,8,,,0
7019,'1495497',2055,,1854,8,,,0
7019,'1495501',2155,,1855,8,,,0
7019,'1495505',2255,,1856,8,,,0
7019,'1495852',625,,1857,8,,,0
7019,'1495854',655,,1858,8,,,0
7019,'1495856',725,,1859,8,,,0
7019,'1495858',755,,1860,8,,,0
7019,'1495860',825,,1861,8,,,0
7019,'1495862',855,,1862,8,,,0
7019,'1495864',934,,1863,8,,,0
7019,'1495866',1014,,1864,8,,,0
7019,'1495868',1054,,1865,8,,,0
7019,'1495870',1134,,1866,8,,,0
7019,'1495872',1214,,1867,8,,,0
7019,'1495874',1254,,1868,8,,,0
7019,'1495876',1334,,1869,8,,,0
7019,'1495878',1414,,1870,8,,,0
7019,'1495880',1454,,1871,8,,,0
7019,'1495882',1534,,1872,8,,,0
7019,'1495884',1614,,1873,8,,,0
7019,'1495886',1654,,1874,8,,,0
7019,'1495888',1734,,1875,8,,,0
7019,'1495890',1814,,1876,8,,,0
7019,'1495892',1854,,1877,8,,,0
7019,'1495894',1925,,1878,8,,,0
7019,'1495896',1955,,1879,8,,,0
7019,'1495898',2025,,1880,8,,,0
7019,'1495900',2055,,1881,8,,,0
7019,'1495902',2125,,1882,8,,,0
7019,'1495904',2155,,1883,8,,,0
7019,'1495906',2225,,1884,8,,,0
7019,'1495908',2255,,1885,8,,,0
30003019,'1495062',753,,2119,19,,,0
30003019,'1495064',853,,2120,19,,,0
30003019,'1495066',953,,2121,19,,,0
30003019,'1495068',1053,,2122,19,,,0
30003019,'1495070',1153,,2123,19,,,0
30003019,'1495072',1253,,2124,19,,,0
30003019,'1495074',1353,,2125,19,,,0
30003019,'1495076',1453,,2126,19,,,0
30003019,'1495078',1553,,2127,19,,,0
30003019,'1495080',1653,,2128,19,,,0
30003019,'1495082',1753,,2129,19,,,0
30003019,'1495084',1853,,2130,19,,,0
30003019,'1495216',2023,,2131,19,,,0
30003019,'1495316',753,,2132,19,,,0
30003019,'1495318',853,,2133,19,,,0
30003019,'1495320',953,,2134,19,,,0
30003019,'1495322',1053,,2135,19,,,0
30003019,'1495324',1153,,2136,19,,,0
30003019,'1495326',1253,,2137,19,,,0
30003019,'1495328',1353,,2138,19,,,0
30003019,'1495330',1453,,2139,19,,,0
30003019,'1495332',1553,,2140,19,,,0
30003019,'1495334',1653,,2141,19,,,0
30003019,'1495336',1753,,2142,19,,,0
30003019,'1495338',1853,,2143,19,,,0
30003019,'1495340',1953,,2144,19,,,0
30003019,'1495342',2053,,2145,19,,,0
30003019,'1495344',2153,,2146,19,,,0
30003019,'1495631',723,,2147,19,,,0
30003019,'1495645',1423,,2148,19,,,0
30003019,'1495647',1523,,2149,19,,,0
30003019,'1495649',1623,,2150,19,,,0
30003019,'1495651',1723,,2151,19,,,0
30003019,'1495653',1823,,2152,19,,,0
30003019,'1495655',1923,,2153,19,,,0
30003019,'1495657',2023,,2154,19,,,0
30003019,'1495659',2123,,2155,19,,,0
30003019,'1495661',2223,,2156,19,,,0
30003019,'1495662',838,,2157,19,,,0
30003019,'1495663',908,,2158,19,,,0
30003019,'1495664',938,,2159,19,,,0
30003019,'1495665',1008,,2160,19,,,0
30003019,'1495666',1038,,2161,19,,,0
30003019,'1495667',1108,,2162,19,,,0
30003019,'1495668',1138,,2163,19,,,0
30003019,'1495669',1208,,2164,19,,,0
30003019,'1495670',1238,,2165,19,,,0
30003019,'1495671',1308,,2166,19,,,0
30003019,'1495672',1338,,2167,19,,,0
