30005019,'1495118',723,,2168,23,,,0
30005019,'1495120',823,,2169,23,,,0
30005019,'1495122',923,,2170,23,,,0
30005019,'1495124',1023,,2171,23,,,0
30005019,'1495126',1123,,2172,23,,,0
30005019,'1495128',1223,,2173,23,,,0
30005019,'1495130',1323,,2174,23,,,0
30005019,'1495132',1423,,2175,23,,,0
30005019,'1495134',1523,,2176,23,,,0
30005019,'1495136',1623,,2177,23,,,0
30005019,'1495138',1723,,2178,23,,,0
30005019,'1495140',1823,,2179,23,,,0
30005019,'1495142',1923,,2180,23,,,0
30005019,'1495144',2023,,2181,23,,,0
30005019,'1495146',2123,,2182,23,,,0
30005019,'1495385',623,,2183,23,,,0
30005019,'1495387',723,,2184,23,,,0
30005019,'1495389',823,,2185,23,,,0
30005019,'1495391',923,,2186,23,,,0
30005019,'1495393',1023,,2187,23,,,0
30005019,'1495395',1123,,2188,23,,,0
30005019,'1495397',1223,,2189,23,,,0
30005019,'1495399',1323,,2190,23,,,0
30005019,'1495401',1423,,2191,23,,,0
30005019,'1495403',1523,,2192,23,,,0
30005019,'1495405',1623,,2193,23,,,0
30005019,'1495407',1723,,2194,23,,,0
30005019,'1495409',1823,,2195,23,,,0
30005019,'1495411',1923,,2196,23,,,0
30005019,'1495413',2023,,2197,23,,,0
30005019,'1495415',2123,,2198,23,,,0
30005019,'1495417',2223,,2199,23,,,0
30005019,'1495760',1923,,2200,23,,,0
30005019,'1495762',2023,,2201,23,,,0
30005019,'1495764',2123,,2202,23,,,0
30005019,'1495766',2223,,2203,23,,,0
30005019,'1495768',523,,2204,23,,,0
30005019,'1495770',623,,2205,23,,,0
30005019,'1495772',723,,2206,23,,,0
30005019,'1495773',753,,2207,23,,,0
30005019,'1495774',823,,2208,23,,,0
30005019,'1495775',853,,2209,23,,,0
30005019,'1495776',923,,2210,23,,,0
30005019,'1495777',953,,2211,23,,,0
30005019,'1495778',1023,,2212,23,,,0
30005019,'1495779',1053,,2213,23,,,0
30005019,'1495780',1123,,2214,23,,,0
30005019,'1495781',1153,,2215,23,,,0
30005019,'1495782',1223,,2216,23,,,0
30005019,'1495783',1253,,2217,23,,,0
30005019,'1495784',1323,,2218,23,,,0
30005019,'1495785',1353,,2219,23,,,0
30005019,'1495786',1423,,2220,23,,,0
30005019,'1495787',1453,,2221,23,,,0
30005019,'1495788',1523,,2222,23,,,0
30005019,'1495789',1553,,2223,23,,,0
30005019,'1495790',1623,,2224,23,,,0
30005019,'1495791',1653,,2225,23,,,0
30005019,'1495792',1723,,2226,23,,,0
30005019,'1495793',1753,,2227,23,,,0
30005019,'1495794',1823,,2228,23,,,0
30005019,'1495795',1853,,2229,23,,,0
