7019,'1495175',724,,1815,7,,,0
7019,'1495179',824,,1816,7,,,0
7019,'1495183',924,,1817,7,,,0
7019,'1495187',1033,,1818,7,,,0
7019,'1495189',1113,,1819,7,,,0
7019,'1495192',1233,,1820,7,,,0
7019,'1495194',1313,,1821,7,,,0
7019,'1495196',1353,,1822,7,,,0
7019,'1495198',1433,,1823,7,,,0
7019,'1495200',1513,,1824,7,,,0
7019,'1495202',1553,,1825,7,,,0
7019,'1495204',1633,,1826,7,,,0
7019,'1495206',1713,,1827,7,,,0
7019,'1495208',1753,,1828,7,,,0
7019,'1495210',1824,,1829,7,,,0
7019,'1495212',1854,,1830,7,,,0
7019,'1495215',1954,,1831,7,,,0
7019,'1495218',2054,,1832,7,,,0
7019,'1495221',2154,,1833,7,,,0
7019,'1495450',654,,1834,7,,,0
7019,'1495453',754,,1835,7,,,0
7019,'1495457',854,,1836,7,,,0
7019,'1495459',924,,1837,7,,,0
7019,'1495461',954,,1838,7,,,0
7019,'1495463',1033,,1839,7,,,0
7019,'1495465',1113,,1840,7,,,0
7019,'1495467',1153,,1841,7,,,0
7019,'1495469',1233,,1842,7,,,0
7019,'1495471',1313,,1843,7,,,0
7019,'1495473',1353,,1844,7,,,0
7019,'1495475',1433,,1845,7,,,0
7019,'1495477',1513,,1846,7,,,0
7019,'1495479',1553,,1847,7,,,0
7019,'1495481',1633,,1848,7,,,0
7019,'1495483',1713,,1849,7,,,0
7019,'1495485',1753,,1850,7,,,0
7019,'1495487',1824,,1851,7,,,0
7019,'1495489',1854,,1852,7,,,0
7019,'1495493',1954,,1853,7,,,0
7019,'1495497',2054,,1854,7,,,0
7019,'1495501',2154,,1855,7,,,0
7019,'1495505',2254,,1856,7,,,0
7019,'1495852',624,,1857,7,,,0
7019,'1495854',654,,1858,7,,,0
7019,'1495856',724,,1859,7,,,0
7019,'1495858',754,,1860,7,,,0
7019,'1495860',824,,1861,7,,,0
7019,'1495862',854,,1862,7,,,0
7019,'1495864',933,,1863,7,,,0
7019,'1495866',1013,,1864,7,,,0
7019,'1495868',1053,,1865,7,,,0
7019,'1495870',1133,,1866,7,,,0
7019,'1495872',1213,,1867,7,,,0
7019,'1495874',1253,,1868,7,,,0
7019,'1495876',1333,,1869,7,,,0
7019,'1495878',1413,,1870,7,,,0
7019,'1495880',1453,,1871,7,,,0
7019,'1495882',1533,,1872,7,,,0
7019,'1495884',1613,,1873,7,,,0
7019,'1495886',1653,,1874,7,,,0
7019,'1495888',1733,,1875,7,,,0
7019,'1495890',1813,,1876,7,,,0
7019,'1495892',1853,,1877,7,,,0
7019,'1495894',1924,,1878,7,,,0
7019,'1495896',1954,,1879,7,,,0
7019,'1495898',2024,,1880,7,,,0
7019,'1495900',2054,,1881,7,,,0
7019,'1495902',2124,,1882,7,,,0
7019,'1495904',2154,,1883,7,,,0
7019,'1495906',2224,,1884,7,,,0
7019,'1495908',2254,,1885,7,,,0
30003019,'1495062',753,,2119,18,,,0
30003019,'1495064',853,,2120,18,,,0
30003019,'1495066',953,,2121,18,,,0
30003019,'1495068',1053,,2122,18,,,0
30003019,'1495070',1153,,2123,18,,,0
30003019,'1495072',1253,,2124,18,,,0
30003019,'1495074',1353,,2125,18,,,0
30003019,'1495076',1453,,2126,18,,,0
30003019,'1495078',1553,,2127,18,,,0
30003019,'1495080',1653,,2128,18,,,0
30003019,'1495082',1753,,2129,18,,,0
30003019,'1495084',1853,,2130,18,,,0
30003019,'1495216',2023,,2131,18,,,0
30003019,'1495316',753,,2132,18,,,0
30003019,'1495318',853,,2133,18,,,0
30003019,'1495320',953,,2134,18,,,0
30003019,'1495322',1053,,2135,18,,,0
30003019,'1495324',1153,,2136,18,,,0
30003019,'1495326',1253,,2137,18,,,0
30003019,'1495328',1353,,2138,18,,,0
30003019,'1495330',1453,,2139,18,,,0
30003019,'1495332',1553,,2140,18,,,0
30003019,'1495334',1653,,2141,18,,,0
30003019,'1495336',1753,,2142,18,,,0
30003019,'1495338',1853,,2143,18,,,0
30003019,'1495340',1953,,2144,18,,,0
30003019,'1495342',2053,,2145,18,,,0
30003019,'1495344',2153,,2146,18,,,0
30003019,'1495631',723,,2147,18,,,0
30003019,'1495645',1423,,2148,18,,,0
30003019,'1495647',1523,,2149,18,,,0
30003019,'1495649',1623,,2150,18,,,0
30003019,'1495651',1723,,2151,18,,,0
30003019,'1495653',1823,,2152,18,,,0
30003019,'1495655',1923,,2153,18,,,0
30003019,'1495657',2023,,2154,18,,,0
30003019,'1495659',2123,,2155,18,,,0
30003019,'1495661',2223,,2156,18,,,0
30003019,'1495662',838,,2157,18,,,0
30003019,'1495663',908,,2158,18,,,0
30003019,'1495664',938,,2159,18,,,0
30003019,'1495665',1008,,2160,18,,,0
30003019,'1495666',1038,,2161,18,,,0
30003019,'1495667',1108,,2162,18,,,0
30003019,'1495668',1138,,2163,18,,,0
30003019,'1495669',1208,,2164,18,,,0
30003019,'1495670',1238,,2165,18,,,0
30003019,'1495671',1308,,2166,18,,,0
30003019,'1495672',1338,,2167,18,,,0
