7029,'1495174',704,,1886,5,,,0
7029,'1495178',804,,1887,5,,,0
7029,'1495182',904,,1888,5,,,0
7029,'1495186',1006,,1889,5,,,0
7029,'1495188',1046,,1890,5,,,0
7029,'1495191',1206,,1891,5,,,0
7029,'1495193',1246,,1892,5,,,0
7029,'1495195',1326,,1893,5,,,0
7029,'1495197',1406,,1894,5,,,0
7029,'1495199',1446,,1895,5,,,0
7029,'1495201',1526,,1896,5,,,0
7029,'1495203',1606,,1897,5,,,0
7029,'1495205',1646,,1898,5,,,0
7029,'1495207',1726,,1899,5,,,0
7029,'1495209',1804,,1900,5,,,0
7029,'1495211',1834,,1901,5,,,0
7029,'1495214',1934,,1902,5,,,0
7029,'1495217',2034,,1903,5,,,0
7029,'1495220',2134,,1904,5,,,0
7029,'1495222',2204,,1905,5,,,0
7029,'1495449',634,,1906,5,,,0
7029,'1495452',734,,1907,5,,,0
7029,'1495456',834,,1908,5,,,0
7029,'1495458',904,,1909,5,,,0
7029,'1495460',934,,1910,5,,,0
7029,'1495462',1006,,1911,5,,,0
7029,'1495464',1046,,1912,5,,,0
7029,'1495466',1126,,1913,5,,,0
7029,'1495468',1206,,1914,5,,,0
7029,'1495470',1246,,1915,5,,,0
7029,'1495472',1326,,1916,5,,,0
7029,'1495474',1406,,1917,5,,,0
7029,'1495476',1446,,1918,5,,,0
7029,'1495478',1526,,1919,5,,,0
7029,'1495480',1606,,1920,5,,,0
7029,'1495482',1646,,1921,5,,,0
7029,'1495484',1726,,1922,5,,,0
7029,'1495486',1804,,1923,5,,,0
7029,'1495488',1834,,1924,5,,,0
7029,'1495492',1934,,1925,5,,,0
7029,'1495496',2034,,1926,5,,,0
7029,'1495500',2134,,1927,5,,,0
7029,'1495504',2234,,1928,5,,,0
7029,'1495506',2304,,1929,5,,,0
7029,'1495851',604,,1930,5,,,0
7029,'1495853',634,,1931,5,,,0
7029,'1495855',704,,1932,5,,,0
7029,'1495857',734,,1933,5,,,0
7029,'1495859',804,,1934,5,,,0
7029,'1495861',834,,1935,5,,,0
7029,'1495863',906,,1936,5,,,0
7029,'1495865',946,,1937,5,,,0
7029,'1495867',1026,,1938,5,,,0
7029,'1495869',1106,,1939,5,,,0
7029,'1495871',1146,,1940,5,,,0
7029,'1495873',1226,,1941,5,,,0
7029,'1495875',1306,,1942,5,,,0
7029,'1495877',1346,,1943,5,,,0
7029,'1495879',1426,,1944,5,,,0
7029,'1495881',1506,,1945,5,,,0
7029,'1495883',1546,,1946,5,,,0
7029,'1495885',1626,,1947,5,,,0
7029,'1495887',1706,,1948,5,,,0
7029,'1495889',1746,,1949,5,,,0
7029,'1495891',1826,,1950,5,,,0
7029,'1495893',1904,,1951,5,,,0
7029,'1495895',1934,,1952,5,,,0
7029,'1495897',2004,,1953,5,,,0
7029,'1495899',2034,,1954,5,,,0
7029,'1495901',2104,,1955,5,,,0
7029,'1495903',2134,,1956,5,,,0
7029,'1495905',2204,,1957,5,,,0
7029,'1495907',2234,,1958,5,,,0
7029,'1495909',2304,,1959,5,,,0
10003019,'1495063',805,,2007,5,,,0
10003019,'1495065',905,,2008,5,,,0
10003019,'1495067',1005,,2009,5,,,0
10003019,'1495069',1105,,2010,5,,,0
10003019,'1495071',1205,,2011,5,,,0
10003019,'1495073',1305,,2012,5,,,0
10003019,'1495075',1405,,2013,5,,,0
10003019,'1495077',1505,,2014,5,,,0
10003019,'1495079',1605,,2015,5,,,0
10003019,'1495081',1705,,2016,5,,,0
10003019,'1495083',1805,,2017,5,,,0
10003019,'1495213',1905,,2018,5,,,0
10003019,'1495219',2105,,2019,5,,,0
10003019,'1495317',805,,2020,5,,,0
10003019,'1495319',905,,2021,5,,,0
10003019,'1495321',1005,,2022,5,,,0
10003019,'1495323',1105,,2023,5,,,0
10003019,'1495325',1205,,2024,5,,,0
10003019,'1495327',1305,,2025,5,,,0
10003019,'1495329',1405,,2026,5,,,0
10003019,'1495331',1505,,2027,5,,,0
10003019,'1495333',1605,,2028,5,,,0
10003019,'1495335',1705,,2029,5,,,0
10003019,'1495337',1805,,2030,5,,,0
10003019,'1495339',1905,,2031,5,,,0
10003019,'1495341',2005,,2032,5,,,0
10003019,'1495343',2105,,2033,5,,,0
10003019,'1495451',705,,2034,5,,,0
10003019,'1495630',635,,2035,5,,,0
10003019,'1495632',735,,2036,5,,,0
10003019,'1495633',805,,2037,5,,,0
10003019,'1495634',835,,2038,5,,,0
10003019,'1495635',905,,2039,5,,,0
10003019,'1495636',935,,2040,5,,,0
10003019,'1495637',1005,,2041,5,,,0
10003019,'1495638',1035,,2042,5,,,0
10003019,'1495639',1105,,2043,5,,,0
10003019,'1495640',1135,,2044,5,,,0
10003019,'1495641',1205,,2045,5,,,0
10003019,'1495642',1235,,2046,5,,,0
10003019,'1495643',1305,,2047,5,,,0
10003019,'1495644',1335,,2048,5,,,0
10003019,'1495646',1435,,2049,5,,,0
10003019,'1495648',1535,,2050,5,,,0
10003019,'1495650',1635,,2051,5,,,0
10003019,'1495652',1735,,2052,5,,,0
10003019,'1495654',1835,,2053,5,,,0
10003019,'1495656',1935,,2054,5,,,0
10003019,'1495658',2035,,2055,5,,,0
10003019,'1495660',2135,,2056,5,,,0
