1019,'1494978',1007,,1278,6,,,0
1019,'1494980',1037,,1279,6,,,0
1019,'1494982',1110,,1280,6,,,0
1019,'1494984',1150,,1281,6,,,0
1019,'1494986',1230,,1282,6,,,0
1019,'1494988',1310,,1283,6,,,0
1019,'1494990',1350,,1284,6,,,0
1019,'1494992',1430,,1285,6,,,0
1019,'1494994',1510,,1286,6,,,0
1019,'1494996',1550,,1287,6,,,0
1019,'1494998',1630,,1288,6,,,0
1019,'1495000',1707,,1289,6,,,0
1019,'1495002',1737,,1290,6,,,0
1019,'1495004',1807,,1291,6,,,0
1019,'1495046',1837,,1292,6,,,0
1019,'1495050',1937,,1293,6,,,0
1019,'1495054',2037,,1294,6,,,0
1019,'1495058',2137,,1295,6,,,0
1019,'1495176',737,,1296,6,,,0
1019,'1495180',837,,1297,6,,,0
1019,'1495184',937,,1298,6,,,0
1019,'1495224',607,,1299,6,,,0
1019,'1495228',707,,1300,6,,,0
1019,'1495284',907,,1301,6,,,0
1019,'1495286',937,,1302,6,,,0
1019,'1495288',1007,,1303,6,,,0
1019,'1495290',1037,,1304,6,,,0
1019,'1495292',1110,,1305,6,,,0
1019,'1495294',1150,,1306,6,,,0
1019,'1495296',1230,,1307,6,,,0
1019,'1495298',1310,,1308,6,,,0
1019,'1495300',1350,,1309,6,,,0
1019,'1495302',1430,,1310,6,,,0
1019,'1495304',1510,,1311,6,,,0
1019,'1495306',1550,,1312,6,,,0
1019,'1495308',1630,,1313,6,,,0
1019,'1495310',1710,,1314,6,,,0
1019,'1495312',1750,,1315,6,,,0
1019,'1495314',1830,,1316,6,,,0
1019,'1495454',807,,1317,6,,,0
1019,'1495490',1907,,1318,6,,,0
1019,'1495494',2007,,1319,6,,,0
1019,'1495498',2107,,1320,6,,,0
1019,'1495502',2207,,1321,6,,,0
1019,'1495508',607,,1322,6,,,0
1019,'1495510',637,,1323,6,,,0
1019,'1495512',707,,1324,6,,,0
1019,'1495514',737,,1325,6,,,0
1019,'1495516',807,,1326,6,,,0
1019,'1495518',837,,1327,6,,,0
1019,'1495520',907,,1328,6,,,0
1019,'1495522',937,,1329,6,,,0
1019,'1495524',1007,,1330,6,,,0
1019,'1495526',1037,,1331,6,,,0
1019,'1495528',1110,,1332,6,,,0
1019,'1495530',1150,,1333,6,,,0
1019,'1495532',1230,,1334,6,,,0
1019,'1495534',1310,,1335,6,,,0
1019,'1495536',1350,,1336,6,,,0
1019,'1495538',1430,,1337,6,,,0
1019,'1495540',1510,,1338,6,,,0
1019,'1495542',1550,,1339,6,,,0
1019,'1495544',1630,,1340,6,,,0
1019,'1495546',1710,,1341,6,,,0
1019,'1495548',1750,,1342,6,,,0
1019,'1495550',1830,,1343,6,,,0
1019,'1495552',1907,,1344,6,,,0
1019,'1495554',1937,,1345,6,,,0
1019,'1495556',2007,,1346,6,,,0
1019,'1495558',2037,,1347,6,,,0
1019,'1495560',2107,,1348,6,,,0
1019,'1495562',2137,,1349,6,,,0
1019,'1495564',2207,,1350,6,,,0
1019,'1495568',2307,,1351,6,,,0
