1019,200518008,1,0,0
1019,160914033,2,0,0
1019,160914401,3,0,0
1019,140618045,4,0,0
1019,140618121,5,0,0
1019,140618175,6,0,0
1019,140618243,7,0,0
1019,140618319,8,0,0
1019,20512106,9,0,0
1019,140618390,10,1,1
1029,140618390,1,0,0
1029,20512105,2,0,0
1029,140618300,3,0,0
1029,140618246,4,0,0
1029,140618180,5,0,0
1029,140618110,6,0,0
1029,140618040,7,0,0
1029,160914400,8,0,0
1029,160914354,9,0,0
1029,160914254,10,0,0
1029,200518008,11,1,1
2019,200518007,1,0,0
2019,21807030,2,0,0
2019,21807024,3,0,0
2019,21807074,4,0,0
2019,21807120,5,0,0
2019,21807160,6,0,0
2019,190904265,7,0,0
2019,190904291,8,0,0
2019,190904371,9,0,0
2019,190904459,10,0,0
2019,190904507,11,0,0
2019,190904597,12,0,0
2019,190904619,13,0,0
2019,190904675,14,0,0
2019,20512179,15,0,0
2019,140618390,16,1,1
2029,140618390,1,0,0
2029,20512192,2,0,0
2029,190904680,3,0,0
2029,190904640,4,0,0
2029,190904582,5,0,0
2029,190904502,6,0,0
2029,190904450,7,0,0
2029,190904354,8,0,0
2029,190904320,9,0,0
2029,190904250,10,0,0
2029,21807161,11,0,0
2029,21807117,12,0,0
2029,21807083,13,0,0
2029,21807021,14,0,0
2029,200518007,15,1,1
4019,200518003,1,0,0
4019,42114048,2,0,0
4019,42114116,3,0,0
4019,42114160,4,0,0
4019,120512038,5,0,0
4019,120512134,6,0,0
4019,160112106,7,0,0
4019,42114350,8,0,0
4019,42114414,9,0,0
4019,42114436,10,0,0
4019,42114476,11,0,0
4019,42114506,12,0,0
4019,42114686,13,0,0
4019,240212020,14,0,0
4019,240212138,15,0,0
4019,240212284,16,0,0
4019,240212376,17,1,1
4029,240212376,1,0,0
4029,42114679,2,0,0
4029,42114443,3,0,0
4029,42114339,4,0,0
4029,42114357,5,0,0
4029,160112099,6,0,0
4029,190904084,7,0,0
4029,42114155,8,0,0
4029,42114025,9,0,0
4029,200518003,10,1,1
6019,140618390,1,0,0
6019,20512015,2,0,0
6019,20512473,3,0,0
6019,30114274,4,0,0
6019,130306015,5,0,0
6019,32018135,6,0,0
6019,211409229,7,0,0
6019,211409293,8,0,0
6019,211409323,9,0,0
6019,211409335,10,0,0
6019,100113341,11,0,0
6019,100113240,12,0,0
6019,100113200,13,0,0
6019,100113160,14,0,0
6019,100113002,15,0,0
6019,31512380,16,0,0
6019,31512330,17,0,0
6019,31512260,18,0,0
6019,31512216,19,0,0
6019,31512184,20,0,0
6019,51325021,21,0,0
6019,21205402,22,0,0
6019,21205336,23,0,0
6019,21205270,24,0,0
6019,220903178,25,0,0
6019,220903114,26,0,0
6019,220903084,27,0,0
6019,30821210,28,0,0
6019,200518002,29,1,1
6029,140618390,1,0,0
6029,20512015,2,0,0
6029,20512473,3,0,0
6029,30114274,4,0,0
6029,130306015,5,0,0
6029,32018135,6,0,0
6029,211409229,7,0,0
6029,211409293,8,0,0
6029,211409323,9,0,0
6029,211409335,10,0,0
6029,100113341,11,0,0
6029,100113240,12,0,0
6029,100113200,13,0,0
6029,100113160,14,0,0
6029,100113002,15,0,0
6029,31512501,16,0,0
6029,31512531,17,0,0
6029,31512648,18,0,0
6029,31512640,19,0,0
6029,31512634,20,0,0
6029,31512540,21,0,0
6029,31512470,22,0,0
6029,31512380,23,0,0
6029,31512330,24,0,0
6029,31512260,25,0,0
6029,31512216,26,0,0
6029,31512184,27,0,0
6029,51325021,28,0,0
6029,21205402,29,0,0
6029,21205336,30,0,0
6029,21205270,31,0,0
6029,220903178,32,0,0
6029,220903114,33,0,0
6029,220903084,34,0,0
6029,30821210,35,0,0
6029,200518002,36,0,0
6029,30821211,37,0,0
6029,30821245,38,0,0
6029,220903097,39,0,0
6029,220903167,40,0,0
6029,220903201,41,0,0
6029,21205335,42,0,0
6029,21205397,43,0,0
6029,51325026,44,0,0
6029,30114001,45,0,0
6029,31512185,46,0,0
6029,31512249,47,0,0
6029,31512345,48,0,0
6029,31512391,49,0,0
6029,31512405,50,0,0
6029,100113180,51,0,0
6029,100113193,52,0,0
6029,100113255,53,0,0
6029,100113340,54,0,0
6029,211409340,55,0,0
6029,211409315,56,0,0
6029,211409294,57,0,0
6029,211409292,58,0,0
6029,32018128,59,0,0
6029,130306020,60,0,0
6029,30114265,61,0,0
6029,20512002,62,0,0
6029,20512004,63,0,0
6029,20512106,64,0,0
7019,130912274,1,0,0
7019,20512015,2,0,0
7019,20512473,3,0,0
7019,30114274,4,0,0
7019,30114150,5,0,0
7019,30114002,6,0,0
7019,192014108,7,0,0
7019,192014082,8,0,0
7019,192014070,9,0,0
7019,160914354,10,0,0
7019,160914254,11,0,0
7019,200518004,12,1,1
7029,200518004,1,0,0
7029,160914033,2,0,0
7029,192014057,3,0,0
7029,192014075,4,0,0
7029,192014135,5,0,0
7029,30114001,6,0,0
7029,30114203,7,0,0
7029,30114265,8,0,0
7029,20512002,9,0,0
7029,20512004,10,0,0
7029,140618407,11,0,0
7029,130912274,12,1,1
8019,200518005,1,0,0
8019,31512245,2,0,0
8019,131509082,3,0,0
8019,131509122,4,0,0
8019,131509192,5,0,0
8019,131509269,6,0,0
8019,160112355,7,0,0
8019,160112305,8,0,0
8019,160112264,9,0,0
8019,160112240,10,0,0
8019,160112160,11,0,0
8019,81804022,12,0,0
8019,12215180,13,0,0
8019,11204086,14,0,0
8019,190905100,15,0,0
8019,190905010,16,0,0
8019,12215050,17,0,0
8019,12215081,18,0,0
8019,12215137,19,0,0
8019,12215179,20,0,0
8019,81804061,21,0,0
8019,81804015,22,0,0
8019,160112191,23,0,0
8019,160112201,24,0,0
8019,21807249,25,0,0
8019,21807245,26,0,0
8019,21807161,27,0,0
8019,21807117,28,0,0
8019,21807083,29,0,0
8019,21807021,30,0,0
10003019,200518006,1,0,0
10003019,160914033,2,0,0
10003019,192014057,3,0,0
10003019,192014075,4,0,0
10003019,192014135,5,0,0
10003019,192014193,6,0,0
10003019,192014237,7,0,0
10003019,20520043,8,0,0
10003019,51325026,9,0,0
10003019,31512120,10,0,0
10003019,31512064,11,0,0
10003019,31512010,12,0,0
10003019,31512030,13,0,0
10003019,31512100,14,0,0
10003019,31512180,15,0,0
10003019,190904450,16,0,0
10003019,131509215,17,0,0
10003019,131509127,18,0,0
10003019,131509099,19,0,0
10003019,31512240,20,0,0
10005019,200518001,1,0,0
10005019,42114101,2,0,0
10005019,42114173,3,0,0
10005019,42114235,4,0,0
10005019,42114245,5,0,0
10005019,42114267,6,0,0
10005019,42114397,7,0,0
10005019,80518165,8,0,0
10005019,21807447,9,0,0
10005019,21807485,10,0,0
10005019,21807567,11,0,0
10005019,80107227,12,0,0
10005019,80107257,13,0,0
10005019,80107281,14,0,0
10005019,81125058,15,0,0
10005019,60118358,16,0,0
10005019,60118274,17,0,0
10005019,220903422,18,0,0
10005019,220903340,19,0,0
10005019,220903260,20,0,0
10005019,21807220,21,0,0
10005019,21807126,22,0,0
10005019,21807080,23,0,0
30003019,200518006,1,0,0
30003019,31512245,2,0,0
30003019,131509082,3,0,0
30003019,131509122,4,0,0
30003019,131509192,5,0,0
30003019,190904459,6,0,0
30003019,31512191,7,0,0
30003019,31512123,8,0,0
30003019,31512045,9,0,0
30003019,31512039,10,0,0
30003019,31512063,11,0,0
30003019,31512119,12,0,0
30003019,31512145,13,0,0
30003019,51325021,14,0,0
30003019,20520047,15,0,0
30003019,192014250,16,0,0
30003019,192014200,17,0,0
30003019,192014108,18,0,0
30003019,192014082,19,0,0
30003019,192014070,20,0,0
30003019,160914354,21,0,0
30003019,160914254,22,0,0
30005019,200518001,1,0,0
30005019,21807091,2,0,0
30005019,21807129,3,0,0
30005019,21807225,4,0,0
30005019,220903257,5,0,0
30005019,220903337,6,0,0
30005019,220903433,7,0,0
30005019,60118275,8,0,0
30005019,60118307,9,0,0
30005019,81125003,10,0,0
30005019,81125059,11,0,0
30005019,81125119,12,0,0
30005019,80107280,13,0,0
30005019,80107262,14,0,0
30005019,80107230,15,0,0
30005019,21807562,16,0,0
30005019,21807520,17,0,0
30005019,21807480,18,0,0
30005019,80518172,19,0,0
30005019,42114400,20,0,0
30005019,42114334,21,0,0
30005019,42114274,22,0,0
30005019,42114228,23,0,0
30005019,42114162,24,0,0
30005019,42114118,25,0,0
30005019,42114080,26,0,0
140000019,130912274,1,0,0
140000019,20512015,2,0,0
140000019,20512473,3,0,0
140000019,30114274,4,0,0
140000019,130306015,5,0,0
140000019,32018135,6,0,0
140000019,211409229,7,0,0
140000019,211409293,8,0,0
140000019,211409323,9,0,0
140000019,211409335,10,0,0
140000019,100113341,11,0,0
140000019,100113240,12,0,0
140000019,100113200,13,0,0
140000019,100113160,14,0,0
140000019,100113002,15,0,0
140000019,31512380,16,0,0
140000019,31512330,17,0,0
140000019,31512260,18,0,0
140000019,31512216,19,0,0
140000019,31512184,20,0,0
140000019,192014193,21,0,0
140000019,192014237,22,0,0
140000019,20520043,23,0,0
140000019,21205402,24,0,0
140000019,21205336,25,0,0
140000019,21205270,26,0,0
140000019,220903178,27,0,0
140000019,220903114,28,0,0
140000019,220903084,29,0,0
140000019,30821210,30,0,0
140000019,200518008,31,0,0
140000019,21807024,32,0,0
140000019,21807074,33,0,0
140000019,21807120,34,0,0
140000019,21807160,35,0,0
140000019,21807250,36,0,0
140000019,160112160,37,0,0
140000019,160112106,38,0,0
140000019,42114350,39,0,0
140000019,42114414,40,0,0
140000019,42114436,41,0,0
140000019,42114476,42,0,0
140000019,42114506,43,0,0
140000019,42114686,44,0,0
140000019,240212020,45,0,0
140000019,240212138,46,0,0
140000019,240212284,47,0,0
140000019,240212376,48,1,1
