30003019,'1495062',742,,2119,8,,,0
30003019,'1495064',842,,2120,8,,,0
30003019,'1495066',942,,2121,8,,,0
30003019,'1495068',1042,,2122,8,,,0
30003019,'1495070',1142,,2123,8,,,0
30003019,'1495072',1242,,2124,8,,,0
30003019,'1495074',1342,,2125,8,,,0
30003019,'1495076',1442,,2126,8,,,0
30003019,'1495078',1542,,2127,8,,,0
30003019,'1495080',1642,,2128,8,,,0
30003019,'1495082',1742,,2129,8,,,0
30003019,'1495084',1842,,2130,8,,,0
30003019,'1495216',2012,,2131,8,,,0
30003019,'1495316',742,,2132,8,,,0
30003019,'1495318',842,,2133,8,,,0
30003019,'1495320',942,,2134,8,,,0
30003019,'1495322',1042,,2135,8,,,0
30003019,'1495324',1142,,2136,8,,,0
30003019,'1495326',1242,,2137,8,,,0
30003019,'1495328',1342,,2138,8,,,0
30003019,'1495330',1442,,2139,8,,,0
30003019,'1495332',1542,,2140,8,,,0
30003019,'1495334',1642,,2141,8,,,0
30003019,'1495336',1742,,2142,8,,,0
30003019,'1495338',1842,,2143,8,,,0
30003019,'1495340',1942,,2144,8,,,0
30003019,'1495342',2042,,2145,8,,,0
30003019,'1495344',2142,,2146,8,,,0
30003019,'1495631',712,,2147,8,,,0
30003019,'1495645',1412,,2148,8,,,0
30003019,'1495647',1512,,2149,8,,,0
30003019,'1495649',1612,,2150,8,,,0
30003019,'1495651',1712,,2151,8,,,0
30003019,'1495653',1812,,2152,8,,,0
30003019,'1495655',1912,,2153,8,,,0
30003019,'1495657',2012,,2154,8,,,0
30003019,'1495659',2112,,2155,8,,,0
30003019,'1495661',2212,,2156,8,,,0
30003019,'1495662',827,,2157,8,,,0
30003019,'1495663',857,,2158,8,,,0
30003019,'1495664',927,,2159,8,,,0
30003019,'1495665',957,,2160,8,,,0
30003019,'1495666',1027,,2161,8,,,0
30003019,'1495667',1057,,2162,8,,,0
30003019,'1495668',1127,,2163,8,,,0
30003019,'1495669',1157,,2164,8,,,0
30003019,'1495670',1227,,2165,8,,,0
30003019,'1495671',1257,,2166,8,,,0
30003019,'1495672',1327,,2167,8,,,0
