4019,'1495085',738,,1604,17,4,,0
4019,'1495088',858,,1605,17,4,,0
4019,'1495091',1018,,1606,17,4,,0
4019,'1495094',1138,,1607,17,4,,0
4019,'1495097',1258,,1608,17,4,,0
4019,'1495100',1418,,1609,17,4,,0
4019,'1495103',1538,,1610,17,4,,0
4019,'1495106',1658,,1611,17,4,,0
4019,'1495109',1818,,1612,17,4,,0
4019,'1495112',1938,,1613,17,4,,0
4019,'1495115',2058,,1614,17,4,,0
4019,'1495345',618,,1615,17,4,,0
4019,'1495348',738,,1616,17,4,,0
4019,'1495351',858,,1617,17,4,,0
4019,'1495354',1018,,1618,17,4,,0
4019,'1495357',1138,,1619,17,4,,0
4019,'1495360',1258,,1620,17,4,,0
4019,'1495363',1418,,1621,17,4,,0
4019,'1495366',1538,,1622,17,4,,0
4019,'1495369',1658,,1623,17,4,,0
4019,'1495372',1818,,1624,17,4,,0
4019,'1495375',1938,,1625,17,4,,0
4019,'1495378',2058,,1626,17,4,,0
4019,'1495381',2218,,1627,17,4,,0
4019,'1495383',2258,,1628,17,4,,0
4019,'1495685',558,,1629,17,4,,0
4019,'1495687',638,,1630,17,4,,0
4019,'1495689',718,,1631,17,4,,0
4019,'1495691',758,,1632,17,4,,0
4019,'1495693',838,,1633,17,4,,0
4019,'1495695',918,,1634,17,4,,0
4019,'1495697',958,,1635,17,4,,0
4019,'1495699',1038,,1636,17,4,,0
4019,'1495701',1118,,1637,17,4,,0
4019,'1495703',1158,,1638,17,4,,0
4019,'1495705',1238,,1639,17,4,,0
4019,'1495707',1318,,1640,17,4,,0
4019,'1495709',1358,,1641,17,4,,0
4019,'1495711',1438,,1642,17,4,,0
4019,'1495713',1518,,1643,17,4,,0
4019,'1495715',1558,,1644,17,4,,0
4019,'1495717',1638,,1645,17,4,,0
4019,'1495719',1718,,1646,17,4,,0
4019,'1495721',1758,,1647,17,4,,0
4019,'1495723',1838,,1648,17,4,,0
4019,'1495725',1918,,1649,17,4,,0
4019,'1495727',1958,,1650,17,4,,0
4019,'1495729',2038,,1651,17,4,,0
4019,'1495731',2118,,1652,17,4,,0
4019,'1495734',2238,,1653,17,4,,0
4029,'1495086',740,,1654,1,,,0
4029,'1495089',900,,1655,1,,,0
4029,'1495092',1020,,1656,1,,,0
4029,'1495095',1140,,1657,1,,,0
4029,'1495098',1300,,1658,1,,,0
4029,'1495101',1420,,1659,1,,,0
4029,'1495104',1540,,1660,1,,,0
4029,'1495107',1700,,1661,1,,,0
4029,'1495110',1820,,1662,1,,,0
4029,'1495113',1940,,1663,1,,,0
4029,'1495116',2100,,1664,1,,,0
4029,'1495346',620,,1665,1,,,0
4029,'1495349',740,,1666,1,,,0
4029,'1495352',900,,1667,1,,,0
4029,'1495355',1020,,1668,1,,,0
4029,'1495358',1140,,1669,1,,,0
4029,'1495361',1300,,1670,1,,,0
4029,'1495364',1420,,1671,1,,,0
4029,'1495367',1540,,1672,1,,,0
4029,'1495370',1700,,1673,1,,,0
4029,'1495373',1820,,1674,1,,,0
4029,'1495376',1940,,1675,1,,,0
4029,'1495379',2100,,1676,1,,,0
4029,'1495382',2220,,1677,1,,,0
4029,'1495384',2300,,1678,1,,,0
4029,'1495686',600,,1679,1,,,0
4029,'1495688',640,,1680,1,,,0
4029,'1495690',720,,1681,1,,,0
4029,'1495692',800,,1682,1,,,0
4029,'1495694',840,,1683,1,,,0
4029,'1495696',920,,1684,1,,,0
4029,'1495698',1000,,1685,1,,,0
4029,'1495700',1040,,1686,1,,,0
4029,'1495702',1120,,1687,1,,,0
4029,'1495704',1200,,1688,1,,,0
4029,'1495706',1240,,1689,1,,,0
4029,'1495708',1320,,1690,1,,,0
4029,'1495710',1400,,1691,1,,,0
4029,'1495712',1440,,1692,1,,,0
4029,'1495714',1520,,1693,1,,,0
4029,'1495716',1600,,1694,1,,,0
4029,'1495718',1640,,1695,1,,,0
4029,'1495720',1720,,1696,1,,,0
4029,'1495722',1800,,1697,1,,,0
4029,'1495724',1840,,1698,1,,,0
4029,'1495726',1920,,1699,1,,,0
4029,'1495728',2000,,1700,1,,,0
4029,'1495730',2040,,1701,1,,,0
4029,'1495732',2120,,1702,1,,,0
4029,'1495735',2240,,1703,1,,,0
140000019,'1495223',2312,,2230,48,4,,0
140000019,'1495507',2412,,2231,48,4,,0
140000019,'1495910',2412,,2232,48,4,,0
