4019,'1495085',727,,1604,8,,,0
4019,'1495088',847,,1605,8,,,0
4019,'1495091',1007,,1606,8,,,0
4019,'1495094',1127,,1607,8,,,0
4019,'1495097',1247,,1608,8,,,0
4019,'1495100',1407,,1609,8,,,0
4019,'1495103',1527,,1610,8,,,0
4019,'1495106',1647,,1611,8,,,0
4019,'1495109',1807,,1612,8,,,0
4019,'1495112',1927,,1613,8,,,0
4019,'1495115',2047,,1614,8,,,0
4019,'1495345',607,,1615,8,,,0
4019,'1495348',727,,1616,8,,,0
4019,'1495351',847,,1617,8,,,0
4019,'1495354',1007,,1618,8,,,0
4019,'1495357',1127,,1619,8,,,0
4019,'1495360',1247,,1620,8,,,0
4019,'1495363',1407,,1621,8,,,0
4019,'1495366',1527,,1622,8,,,0
4019,'1495369',1647,,1623,8,,,0
4019,'1495372',1807,,1624,8,,,0
4019,'1495375',1927,,1625,8,,,0
4019,'1495378',2047,,1626,8,,,0
4019,'1495381',2207,,1627,8,,,0
4019,'1495383',2247,,1628,8,,,0
4019,'1495685',547,,1629,8,,,0
4019,'1495687',627,,1630,8,,,0
4019,'1495689',707,,1631,8,,,0
4019,'1495691',747,,1632,8,,,0
4019,'1495693',827,,1633,8,,,0
4019,'1495695',907,,1634,8,,,0
4019,'1495697',947,,1635,8,,,0
4019,'1495699',1027,,1636,8,,,0
4019,'1495701',1107,,1637,8,,,0
4019,'1495703',1147,,1638,8,,,0
4019,'1495705',1227,,1639,8,,,0
4019,'1495707',1307,,1640,8,,,0
4019,'1495709',1347,,1641,8,,,0
4019,'1495711',1427,,1642,8,,,0
4019,'1495713',1507,,1643,8,,,0
4019,'1495715',1547,,1644,8,,,0
4019,'1495717',1627,,1645,8,,,0
4019,'1495719',1707,,1646,8,,,0
4019,'1495721',1747,,1647,8,,,0
4019,'1495723',1827,,1648,8,,,0
4019,'1495725',1907,,1649,8,,,0
4019,'1495727',1947,,1650,8,,,0
4019,'1495729',2027,,1651,8,,,0
4019,'1495731',2107,,1652,8,,,0
4019,'1495734',2227,,1653,8,,,0
140000019,'1495223',2303,,2230,39,,,0
140000019,'1495507',2403,,2231,39,,,0
140000019,'1495910',2403,,2232,39,,,0
