30005019,'1495118',702,,2168,3,,,0
30005019,'1495120',802,,2169,3,,,0
30005019,'1495122',902,,2170,3,,,0
30005019,'1495124',1002,,2171,3,,,0
30005019,'1495126',1102,,2172,3,,,0
30005019,'1495128',1202,,2173,3,,,0
30005019,'1495130',1302,,2174,3,,,0
30005019,'1495132',1402,,2175,3,,,0
30005019,'1495134',1502,,2176,3,,,0
30005019,'1495136',1602,,2177,3,,,0
30005019,'1495138',1702,,2178,3,,,0
30005019,'1495140',1802,,2179,3,,,0
30005019,'1495142',1902,,2180,3,,,0
30005019,'1495144',2002,,2181,3,,,0
30005019,'1495146',2102,,2182,3,,,0
30005019,'1495385',602,,2183,3,,,0
30005019,'1495387',702,,2184,3,,,0
30005019,'1495389',802,,2185,3,,,0
30005019,'1495391',902,,2186,3,,,0
30005019,'1495393',1002,,2187,3,,,0
30005019,'1495395',1102,,2188,3,,,0
30005019,'1495397',1202,,2189,3,,,0
30005019,'1495399',1302,,2190,3,,,0
30005019,'1495401',1402,,2191,3,,,0
30005019,'1495403',1502,,2192,3,,,0
30005019,'1495405',1602,,2193,3,,,0
30005019,'1495407',1702,,2194,3,,,0
30005019,'1495409',1802,,2195,3,,,0
30005019,'1495411',1902,,2196,3,,,0
30005019,'1495413',2002,,2197,3,,,0
30005019,'1495415',2102,,2198,3,,,0
30005019,'1495417',2202,,2199,3,,,0
30005019,'1495760',1902,,2200,3,,,0
30005019,'1495762',2002,,2201,3,,,0
30005019,'1495764',2102,,2202,3,,,0
30005019,'1495766',2202,,2203,3,,,0
30005019,'1495768',502,,2204,3,,,0
30005019,'1495770',602,,2205,3,,,0
30005019,'1495772',702,,2206,3,,,0
30005019,'1495773',732,,2207,3,,,0
30005019,'1495774',802,,2208,3,,,0
30005019,'1495775',832,,2209,3,,,0
30005019,'1495776',902,,2210,3,,,0
30005019,'1495777',932,,2211,3,,,0
30005019,'1495778',1002,,2212,3,,,0
30005019,'1495779',1032,,2213,3,,,0
30005019,'1495780',1102,,2214,3,,,0
30005019,'1495781',1132,,2215,3,,,0
30005019,'1495782',1202,,2216,3,,,0
30005019,'1495783',1232,,2217,3,,,0
30005019,'1495784',1302,,2218,3,,,0
30005019,'1495785',1332,,2219,3,,,0
30005019,'1495786',1402,,2220,3,,,0
30005019,'1495787',1432,,2221,3,,,0
30005019,'1495788',1502,,2222,3,,,0
30005019,'1495789',1532,,2223,3,,,0
30005019,'1495790',1602,,2224,3,,,0
30005019,'1495791',1632,,2225,3,,,0
30005019,'1495792',1702,,2226,3,,,0
30005019,'1495793',1732,,2227,3,,,0
30005019,'1495794',1802,,2228,3,,,0
30005019,'1495795',1832,,2229,3,,,0
