4029,'1495086',750,,1654,4,,,0
4029,'1495089',910,,1655,4,,,0
4029,'1495092',1030,,1656,4,,,0
4029,'1495095',1150,,1657,4,,,0
4029,'1495098',1310,,1658,4,,,0
4029,'1495101',1430,,1659,4,,,0
4029,'1495104',1550,,1660,4,,,0
4029,'1495107',1710,,1661,4,,,0
4029,'1495110',1830,,1662,4,,,0
4029,'1495113',1950,,1663,4,,,0
4029,'1495116',2110,,1664,4,,,0
4029,'1495346',630,,1665,4,,,0
4029,'1495349',750,,1666,4,,,0
4029,'1495352',910,,1667,4,,,0
4029,'1495355',1030,,1668,4,,,0
4029,'1495358',1150,,1669,4,,,0
4029,'1495361',1310,,1670,4,,,0
4029,'1495364',1430,,1671,4,,,0
4029,'1495367',1550,,1672,4,,,0
4029,'1495370',1710,,1673,4,,,0
4029,'1495373',1830,,1674,4,,,0
4029,'1495376',1950,,1675,4,,,0
4029,'1495379',2110,,1676,4,,,0
4029,'1495382',2230,,1677,4,,,0
4029,'1495384',2310,,1678,4,,,0
4029,'1495686',610,,1679,4,,,0
4029,'1495688',650,,1680,4,,,0
4029,'1495690',730,,1681,4,,,0
4029,'1495692',810,,1682,4,,,0
4029,'1495694',850,,1683,4,,,0
4029,'1495696',930,,1684,4,,,0
4029,'1495698',1010,,1685,4,,,0
4029,'1495700',1050,,1686,4,,,0
4029,'1495702',1130,,1687,4,,,0
4029,'1495704',1210,,1688,4,,,0
4029,'1495706',1250,,1689,4,,,0
4029,'1495708',1330,,1690,4,,,0
4029,'1495710',1410,,1691,4,,,0
4029,'1495712',1450,,1692,4,,,0
4029,'1495714',1530,,1693,4,,,0
4029,'1495716',1610,,1694,4,,,0
4029,'1495718',1650,,1695,4,,,0
4029,'1495720',1730,,1696,4,,,0
4029,'1495722',1810,,1697,4,,,0
4029,'1495724',1850,,1698,4,,,0
4029,'1495726',1930,,1699,4,,,0
4029,'1495728',2010,,1700,4,,,0
4029,'1495730',2050,,1701,4,,,0
4029,'1495732',2130,,1702,4,,,0
4029,'1495735',2250,,1703,4,,,0
