2019,'1495006',704,,1426,6,,,0
2019,'1495008',734,,1427,6,,,0
2019,'1495010',804,,1428,6,,,0
2019,'1495012',834,,1429,6,,,0
2019,'1495014',904,,1430,6,,,0
2019,'1495016',934,,1431,6,,,0
2019,'1495018',1004,,1432,6,,,0
2019,'1495020',1034,,1433,6,,,0
2019,'1495022',1105,,1434,6,,,0
2019,'1495024',1145,,1435,6,,,0
2019,'1495026',1225,,1436,6,,,0
2019,'1495028',1305,,1437,6,,,0
2019,'1495030',1345,,1438,6,,,0
2019,'1495032',1425,,1439,6,,,0
2019,'1495034',1505,,1440,6,,,0
2019,'1495036',1545,,1441,6,,,0
2019,'1495038',1625,,1442,6,,,0
2019,'1495040',1704,,1443,6,,,0
2019,'1495042',1734,,1444,6,,,0
2019,'1495044',1804,,1445,6,,,0
2019,'1495048',1904,,1446,6,,,0
2019,'1495052',2004,,1447,6,,,0
2019,'1495056',2104,,1448,6,,,0
2019,'1495060',2204,,1449,6,,,0
2019,'1495226',634,,1450,6,,,0
2019,'1495230',734,,1451,6,,,0
2019,'1495232',804,,1452,6,,,0
2019,'1495234',834,,1453,6,,,0
2019,'1495236',904,,1454,6,,,0
2019,'1495238',934,,1455,6,,,0
2019,'1495240',1004,,1456,6,,,0
2019,'1495242',1034,,1457,6,,,0
2019,'1495244',1105,,1458,6,,,0
2019,'1495246',1145,,1459,6,,,0
2019,'1495248',1225,,1460,6,,,0
2019,'1495250',1305,,1461,6,,,0
2019,'1495252',1345,,1462,6,,,0
2019,'1495254',1425,,1463,6,,,0
2019,'1495256',1505,,1464,6,,,0
2019,'1495258',1545,,1465,6,,,0
2019,'1495260',1625,,1466,6,,,0
2019,'1495262',1705,,1467,6,,,0
2019,'1495264',1745,,1468,6,,,0
2019,'1495266',1825,,1469,6,,,0
2019,'1495268',1904,,1470,6,,,0
2019,'1495270',1934,,1471,6,,,0
2019,'1495272',2004,,1472,6,,,0
2019,'1495274',2034,,1473,6,,,0
2019,'1495276',2104,,1474,6,,,0
2019,'1495278',2134,,1475,6,,,0
2019,'1495280',2204,,1476,6,,,0
2019,'1495282',2234,,1477,6,,,0
2019,'1495566',2234,,1478,6,,,0
2019,'1495570',504,,1479,6,,,0
2019,'1495572',534,,1480,6,,,0
2019,'1495574',604,,1481,6,,,0
2019,'1495576',634,,1482,6,,,0
2019,'1495578',704,,1483,6,,,0
2019,'1495580',734,,1484,6,,,0
2019,'1495582',804,,1485,6,,,0
2019,'1495584',834,,1486,6,,,0
2019,'1495586',904,,1487,6,,,0
2019,'1495588',934,,1488,6,,,0
2019,'1495590',1004,,1489,6,,,0
2019,'1495592',1034,,1490,6,,,0
2019,'1495594',1105,,1491,6,,,0
2019,'1495596',1145,,1492,6,,,0
2019,'1495598',1225,,1493,6,,,0
2019,'1495600',1305,,1494,6,,,0
2019,'1495602',1345,,1495,6,,,0
2019,'1495604',1425,,1496,6,,,0
2019,'1495606',1505,,1497,6,,,0
2019,'1495608',1545,,1498,6,,,0
2019,'1495610',1625,,1499,6,,,0
2019,'1495612',1705,,1500,6,,,0
2019,'1495614',1745,,1501,6,,,0
2019,'1495616',1825,,1502,6,,,0
2019,'1495618',1904,,1503,6,,,0
2019,'1495620',1934,,1504,6,,,0
2019,'1495622',2004,,1505,6,,,0
2019,'1495624',2034,,1506,6,,,0
2019,'1495626',2104,,1507,6,,,0
2019,'1495628',2134,,1508,6,,,0
2019,'1495673',1405,,1509,6,,,0
2019,'1495675',1445,,1510,6,,,0
2019,'1495677',1525,,1511,6,,,0
2019,'1495679',1605,,1512,6,,,0
2019,'1495681',1645,,1513,6,,,0
2019,'1495683',1725,,1514,6,,,0
140000019,'1495223',2259,,2230,35,,,0
140000019,'1495507',2359,,2231,35,,,0
140000019,'1495910',2359,,2232,35,,,0
