2019,'1495006',710,,1426,13,,,0
2019,'1495008',740,,1427,13,,,0
2019,'1495010',810,,1428,13,,,0
2019,'1495012',840,,1429,13,,,0
2019,'1495014',910,,1430,13,,,0
2019,'1495016',940,,1431,13,,,0
2019,'1495018',1010,,1432,13,,,0
2019,'1495020',1040,,1433,13,,,0
2019,'1495022',1114,,1434,13,,,0
2019,'1495024',1154,,1435,13,,,0
2019,'1495026',1234,,1436,13,,,0
2019,'1495028',1314,,1437,13,,,0
2019,'1495030',1354,,1438,13,,,0
2019,'1495032',1434,,1439,13,,,0
2019,'1495034',1514,,1440,13,,,0
2019,'1495036',1554,,1441,13,,,0
2019,'1495038',1634,,1442,13,,,0
2019,'1495040',1710,,1443,13,,,0
2019,'1495042',1740,,1444,13,,,0
2019,'1495044',1810,,1445,13,,,0
2019,'1495048',1910,,1446,13,,,0
2019,'1495052',2010,,1447,13,,,0
2019,'1495056',2110,,1448,13,,,0
2019,'1495060',2210,,1449,13,,,0
2019,'1495226',640,,1450,13,,,0
2019,'1495230',740,,1451,13,,,0
2019,'1495232',810,,1452,13,,,0
2019,'1495234',840,,1453,13,,,0
2019,'1495236',910,,1454,13,,,0
2019,'1495238',940,,1455,13,,,0
2019,'1495240',1010,,1456,13,,,0
2019,'1495242',1040,,1457,13,,,0
2019,'1495244',1114,,1458,13,,,0
2019,'1495246',1154,,1459,13,,,0
2019,'1495248',1234,,1460,13,,,0
2019,'1495250',1314,,1461,13,,,0
2019,'1495252',1354,,1462,13,,,0
2019,'1495254',1434,,1463,13,,,0
2019,'1495256',1514,,1464,13,,,0
2019,'1495258',1554,,1465,13,,,0
2019,'1495260',1634,,1466,13,,,0
2019,'1495262',1714,,1467,13,,,0
2019,'1495264',1754,,1468,13,,,0
2019,'1495266',1834,,1469,13,,,0
2019,'1495268',1910,,1470,13,,,0
2019,'1495270',1940,,1471,13,,,0
2019,'1495272',2010,,1472,13,,,0
2019,'1495274',2040,,1473,13,,,0
2019,'1495276',2110,,1474,13,,,0
2019,'1495278',2140,,1475,13,,,0
2019,'1495280',2210,,1476,13,,,0
2019,'1495282',2240,,1477,13,,,0
2019,'1495566',2240,,1478,13,,,0
2019,'1495570',510,,1479,13,,,0
2019,'1495572',540,,1480,13,,,0
2019,'1495574',610,,1481,13,,,0
2019,'1495576',640,,1482,13,,,0
2019,'1495578',710,,1483,13,,,0
2019,'1495580',740,,1484,13,,,0
2019,'1495582',810,,1485,13,,,0
2019,'1495584',840,,1486,13,,,0
2019,'1495586',910,,1487,13,,,0
2019,'1495588',940,,1488,13,,,0
2019,'1495590',1010,,1489,13,,,0
2019,'1495592',1040,,1490,13,,,0
2019,'1495594',1114,,1491,13,,,0
2019,'1495596',1154,,1492,13,,,0
2019,'1495598',1234,,1493,13,,,0
2019,'1495600',1314,,1494,13,,,0
2019,'1495602',1354,,1495,13,,,0
2019,'1495604',1434,,1496,13,,,0
2019,'1495606',1514,,1497,13,,,0
2019,'1495608',1554,,1498,13,,,0
2019,'1495610',1634,,1499,13,,,0
2019,'1495612',1714,,1500,13,,,0
2019,'1495614',1754,,1501,13,,,0
2019,'1495616',1834,,1502,13,,,0
2019,'1495618',1910,,1503,13,,,0
2019,'1495620',1940,,1504,13,,,0
2019,'1495622',2010,,1505,13,,,0
2019,'1495624',2040,,1506,13,,,0
2019,'1495626',2110,,1507,13,,,0
2019,'1495628',2140,,1508,13,,,0
2019,'1495673',1414,,1509,13,,,0
2019,'1495675',1454,,1510,13,,,0
2019,'1495677',1534,,1511,13,,,0
2019,'1495679',1614,,1512,13,,,0
2019,'1495681',1654,,1513,13,,,0
2019,'1495683',1734,,1514,13,,,0
