30005019,'1495118',701,,2168,2,,,0
30005019,'1495120',801,,2169,2,,,0
30005019,'1495122',901,,2170,2,,,0
30005019,'1495124',1001,,2171,2,,,0
30005019,'1495126',1101,,2172,2,,,0
30005019,'1495128',1201,,2173,2,,,0
30005019,'1495130',1301,,2174,2,,,0
30005019,'1495132',1401,,2175,2,,,0
30005019,'1495134',1501,,2176,2,,,0
30005019,'1495136',1601,,2177,2,,,0
30005019,'1495138',1701,,2178,2,,,0
30005019,'1495140',1801,,2179,2,,,0
30005019,'1495142',1901,,2180,2,,,0
30005019,'1495144',2001,,2181,2,,,0
30005019,'1495146',2101,,2182,2,,,0
30005019,'1495385',601,,2183,2,,,0
30005019,'1495387',701,,2184,2,,,0
30005019,'1495389',801,,2185,2,,,0
30005019,'1495391',901,,2186,2,,,0
30005019,'1495393',1001,,2187,2,,,0
30005019,'1495395',1101,,2188,2,,,0
30005019,'1495397',1201,,2189,2,,,0
30005019,'1495399',1301,,2190,2,,,0
30005019,'1495401',1401,,2191,2,,,0
30005019,'1495403',1501,,2192,2,,,0
30005019,'1495405',1601,,2193,2,,,0
30005019,'1495407',1701,,2194,2,,,0
30005019,'1495409',1801,,2195,2,,,0
30005019,'1495411',1901,,2196,2,,,0
30005019,'1495413',2001,,2197,2,,,0
30005019,'1495415',2101,,2198,2,,,0
30005019,'1495417',2201,,2199,2,,,0
30005019,'1495760',1901,,2200,2,,,0
30005019,'1495762',2001,,2201,2,,,0
30005019,'1495764',2101,,2202,2,,,0
30005019,'1495766',2201,,2203,2,,,0
30005019,'1495768',501,,2204,2,,,0
30005019,'1495770',601,,2205,2,,,0
30005019,'1495772',701,,2206,2,,,0
30005019,'1495773',731,,2207,2,,,0
30005019,'1495774',801,,2208,2,,,0
30005019,'1495775',831,,2209,2,,,0
30005019,'1495776',901,,2210,2,,,0
30005019,'1495777',931,,2211,2,,,0
30005019,'1495778',1001,,2212,2,,,0
30005019,'1495779',1031,,2213,2,,,0
30005019,'1495780',1101,,2214,2,,,0
30005019,'1495781',1131,,2215,2,,,0
30005019,'1495782',1201,,2216,2,,,0
30005019,'1495783',1231,,2217,2,,,0
30005019,'1495784',1301,,2218,2,,,0
30005019,'1495785',1331,,2219,2,,,0
30005019,'1495786',1401,,2220,2,,,0
30005019,'1495787',1431,,2221,2,,,0
30005019,'1495788',1501,,2222,2,,,0
30005019,'1495789',1531,,2223,2,,,0
30005019,'1495790',1601,,2224,2,,,0
30005019,'1495791',1631,,2225,2,,,0
30005019,'1495792',1701,,2226,2,,,0
30005019,'1495793',1731,,2227,2,,,0
30005019,'1495794',1801,,2228,2,,,0
30005019,'1495795',1831,,2229,2,,,0
