2029,'1495007',722,,1515,9,,,0
2029,'1495009',752,,1516,9,,,0
2029,'1495011',822,,1517,9,,,0
2029,'1495013',852,,1518,9,,,0
2029,'1495015',922,,1519,9,,,0
2029,'1495017',952,,1520,9,,,0
2029,'1495019',1022,,1521,9,,,0
2029,'1495021',1052,,1522,9,,,0
2029,'1495023',1130,,1523,9,,,0
2029,'1495025',1210,,1524,9,,,0
2029,'1495027',1250,,1525,9,,,0
2029,'1495029',1330,,1526,9,,,0
2029,'1495031',1410,,1527,9,,,0
2029,'1495033',1450,,1528,9,,,0
2029,'1495035',1530,,1529,9,,,0
2029,'1495037',1610,,1530,9,,,0
2029,'1495039',1650,,1531,9,,,0
2029,'1495041',1722,,1532,9,,,0
2029,'1495043',1752,,1533,9,,,0
2029,'1495045',1822,,1534,9,,,0
2029,'1495049',1922,,1535,9,,,0
2029,'1495053',2022,,1536,9,,,0
2029,'1495057',2122,,1537,9,,,0
2029,'1495061',2222,,1538,9,,,0
2029,'1495227',652,,1539,9,,,0
2029,'1495231',752,,1540,9,,,0
2029,'1495233',822,,1541,9,,,0
2029,'1495235',852,,1542,9,,,0
2029,'1495237',922,,1543,9,,,0
2029,'1495239',952,,1544,9,,,0
2029,'1495241',1022,,1545,9,,,0
2029,'1495243',1052,,1546,9,,,0
2029,'1495245',1130,,1547,9,,,0
2029,'1495247',1210,,1548,9,,,0
2029,'1495249',1250,,1549,9,,,0
2029,'1495251',1330,,1550,9,,,0
2029,'1495253',1410,,1551,9,,,0
2029,'1495255',1450,,1552,9,,,0
2029,'1495257',1530,,1553,9,,,0
2029,'1495259',1610,,1554,9,,,0
2029,'1495261',1650,,1555,9,,,0
2029,'1495263',1730,,1556,9,,,0
2029,'1495265',1810,,1557,9,,,0
2029,'1495267',1850,,1558,9,,,0
2029,'1495269',1922,,1559,9,,,0
2029,'1495271',1952,,1560,9,,,0
2029,'1495273',2022,,1561,9,,,0
2029,'1495275',2052,,1562,9,,,0
2029,'1495277',2122,,1563,9,,,0
2029,'1495279',2152,,1564,9,,,0
2029,'1495281',2222,,1565,9,,,0
2029,'1495283',2252,,1566,9,,,0
2029,'1495567',2252,,1567,9,,,0
2029,'1495571',522,,1568,9,,,0
2029,'1495573',552,,1569,9,,,0
2029,'1495575',622,,1570,9,,,0
2029,'1495577',652,,1571,9,,,0
2029,'1495579',722,,1572,9,,,0
2029,'1495581',752,,1573,9,,,0
2029,'1495583',822,,1574,9,,,0
2029,'1495585',852,,1575,9,,,0
2029,'1495587',922,,1576,9,,,0
2029,'1495589',952,,1577,9,,,0
2029,'1495591',1022,,1578,9,,,0
2029,'1495593',1052,,1579,9,,,0
2029,'1495595',1130,,1580,9,,,0
2029,'1495597',1210,,1581,9,,,0
2029,'1495599',1250,,1582,9,,,0
2029,'1495601',1330,,1583,9,,,0
2029,'1495603',1410,,1584,9,,,0
2029,'1495605',1450,,1585,9,,,0
2029,'1495607',1530,,1586,9,,,0
2029,'1495609',1610,,1587,9,,,0
2029,'1495611',1650,,1588,9,,,0
2029,'1495613',1730,,1589,9,,,0
2029,'1495615',1810,,1590,9,,,0
2029,'1495617',1850,,1591,9,,,0
2029,'1495619',1922,,1592,9,,,0
2029,'1495621',1952,,1593,9,,,0
2029,'1495623',2022,,1594,9,,,0
2029,'1495625',2052,,1595,9,,,0
2029,'1495627',2122,,1596,9,,,0
2029,'1495629',2152,,1597,9,,,0
2029,'1495674',1430,,1598,9,,,0
2029,'1495676',1510,,1599,9,,,0
2029,'1495678',1550,,1600,9,,,0
2029,'1495680',1630,,1601,9,,,0
2029,'1495682',1710,,1602,9,,,0
2029,'1495684',1750,,1603,9,,,0
