6019,'1495151',902,,1704,2,,,0
6019,'1495153',1002,,1705,2,,,0
6019,'1495155',1102,,1706,2,,,0
6019,'1495157',1202,,1707,2,,,0
6019,'1495159',1302,,1708,2,,,0
6019,'1495161',1402,,1709,2,,,0
6019,'1495171',2032,,1710,2,,,0
6019,'1495173',2132,,1711,2,,,0
6019,'1495422',802,,1712,2,,,0
6019,'1495424',902,,1713,2,,,0
6019,'1495426',1002,,1714,2,,,0
6019,'1495428',1102,,1715,2,,,0
6019,'1495430',1202,,1716,2,,,0
6019,'1495432',1302,,1717,2,,,0
6019,'1495444',2032,,1718,2,,,0
6019,'1495446',2132,,1719,2,,,0
6019,'1495448',2232,,1720,2,,,0
6019,'1495803',932,,1721,2,,,0
6019,'1495805',1032,,1722,2,,,0
6019,'1495807',1132,,1723,2,,,0
6019,'1495809',1232,,1724,2,,,0
6019,'1495811',1332,,1725,2,,,0
6019,'1495813',1432,,1726,2,,,0
6019,'1495823',2102,,1727,2,,,0
6019,'1495825',2202,,1728,2,,,0
6019,'1495827',2302,,1729,2,,,0
6019,'1495834',902,,1730,2,,,0
6019,'1495836',1002,,1731,2,,,0
6019,'1495838',1102,,1732,2,,,0
6019,'1495840',1202,,1733,2,,,0
6019,'1495842',1302,,1734,2,,,0
6019,'1495844',1402,,1735,2,,,0
6029,'1495149',742,,1737,2,0,5,0
6029,'1495163',1502,,1745,2,0,5,0
6029,'1495165',1622,,1747,2,0,5,0
6029,'1495167',1742,,1749,2,0,5,0
6029,'1495169',1902,,1751,2,0,5,0
6029,'1495420',642,,1755,2,0,5,0
6029,'1495434',1402,,1763,2,0,5,0
6029,'1495436',1522,,1765,2,0,5,0
6029,'1495438',1642,,1767,2,0,5,0
6029,'1495440',1802,,1769,2,0,5,0
6029,'1495442',1922,,1771,2,0,5,0
6029,'1495797',542,,1776,2,0,5,0
6029,'1495799',702,,1778,2,0,5,0
6029,'1495801',822,,1780,2,0,5,0
6029,'1495815',1542,,1788,2,0,5,0
6029,'1495817',1702,,1790,2,0,5,0
6029,'1495819',1822,,1792,2,0,5,0
6029,'1495821',1942,,1794,2,0,5,0
6029,'1495828',502,,1798,2,0,5,0
6029,'1495830',622,,1800,2,0,5,0
6029,'1495832',742,,1802,2,0,5,0
6029,'1495846',1502,,1810,2,0,5,0
6029,'1495848',1622,,1812,2,0,5,0
6029,'1495850',1742,,1814,2,0,5,0
7019,'1495175',718,,1815,2,,,0
7019,'1495179',818,,1816,2,,,0
7019,'1495183',918,,1817,2,,,0
7019,'1495187',1024,,1818,2,,,0
7019,'1495189',1104,,1819,2,,,0
7019,'1495192',1224,,1820,2,,,0
7019,'1495194',1304,,1821,2,,,0
7019,'1495196',1344,,1822,2,,,0
7019,'1495198',1424,,1823,2,,,0
7019,'1495200',1504,,1824,2,,,0
7019,'1495202',1544,,1825,2,,,0
7019,'1495204',1624,,1826,2,,,0
7019,'1495206',1704,,1827,2,,,0
7019,'1495208',1744,,1828,2,,,0
7019,'1495210',1818,,1829,2,,,0
7019,'1495212',1848,,1830,2,,,0
7019,'1495215',1948,,1831,2,,,0
7019,'1495218',2048,,1832,2,,,0
7019,'1495221',2148,,1833,2,,,0
7019,'1495450',648,,1834,2,,,0
7019,'1495453',748,,1835,2,,,0
7019,'1495457',848,,1836,2,,,0
7019,'1495459',918,,1837,2,,,0
7019,'1495461',948,,1838,2,,,0
7019,'1495463',1024,,1839,2,,,0
7019,'1495465',1104,,1840,2,,,0
7019,'1495467',1144,,1841,2,,,0
7019,'1495469',1224,,1842,2,,,0
7019,'1495471',1304,,1843,2,,,0
7019,'1495473',1344,,1844,2,,,0
7019,'1495475',1424,,1845,2,,,0
7019,'1495477',1504,,1846,2,,,0
7019,'1495479',1544,,1847,2,,,0
7019,'1495481',1624,,1848,2,,,0
7019,'1495483',1704,,1849,2,,,0
7019,'1495485',1744,,1850,2,,,0
7019,'1495487',1818,,1851,2,,,0
7019,'1495489',1848,,1852,2,,,0
7019,'1495493',1948,,1853,2,,,0
7019,'1495497',2048,,1854,2,,,0
7019,'1495501',2148,,1855,2,,,0
7019,'1495505',2248,,1856,2,,,0
7019,'1495852',618,,1857,2,,,0
7019,'1495854',648,,1858,2,,,0
7019,'1495856',718,,1859,2,,,0
7019,'1495858',748,,1860,2,,,0
7019,'1495860',818,,1861,2,,,0
7019,'1495862',848,,1862,2,,,0
7019,'1495864',924,,1863,2,,,0
7019,'1495866',1004,,1864,2,,,0
7019,'1495868',1044,,1865,2,,,0
7019,'1495870',1124,,1866,2,,,0
7019,'1495872',1204,,1867,2,,,0
7019,'1495874',1244,,1868,2,,,0
7019,'1495876',1324,,1869,2,,,0
7019,'1495878',1404,,1870,2,,,0
7019,'1495880',1444,,1871,2,,,0
7019,'1495882',1524,,1872,2,,,0
7019,'1495884',1604,,1873,2,,,0
7019,'1495886',1644,,1874,2,,,0
7019,'1495888',1724,,1875,2,,,0
7019,'1495890',1804,,1876,2,,,0
7019,'1495892',1844,,1877,2,,,0
7019,'1495894',1918,,1878,2,,,0
7019,'1495896',1948,,1879,2,,,0
7019,'1495898',2018,,1880,2,,,0
7019,'1495900',2048,,1881,2,,,0
7019,'1495902',2118,,1882,2,,,0
7019,'1495904',2148,,1883,2,,,0
7019,'1495906',2218,,1884,2,,,0
7019,'1495908',2248,,1885,2,,,0
140000019,'1495223',2232,,2230,2,,,0
140000019,'1495507',2332,,2231,2,,,0
140000019,'1495910',2332,,2232,2,,,0
