30005019,'1495118',703,,2168,4,,,0
30005019,'1495120',803,,2169,4,,,0
30005019,'1495122',903,,2170,4,,,0
30005019,'1495124',1003,,2171,4,,,0
30005019,'1495126',1103,,2172,4,,,0
30005019,'1495128',1203,,2173,4,,,0
30005019,'1495130',1303,,2174,4,,,0
30005019,'1495132',1403,,2175,4,,,0
30005019,'1495134',1503,,2176,4,,,0
30005019,'1495136',1603,,2177,4,,,0
30005019,'1495138',1703,,2178,4,,,0
30005019,'1495140',1803,,2179,4,,,0
30005019,'1495142',1903,,2180,4,,,0
30005019,'1495144',2003,,2181,4,,,0
30005019,'1495146',2103,,2182,4,,,0
30005019,'1495385',603,,2183,4,,,0
30005019,'1495387',703,,2184,4,,,0
30005019,'1495389',803,,2185,4,,,0
30005019,'1495391',903,,2186,4,,,0
30005019,'1495393',1003,,2187,4,,,0
30005019,'1495395',1103,,2188,4,,,0
30005019,'1495397',1203,,2189,4,,,0
30005019,'1495399',1303,,2190,4,,,0
30005019,'1495401',1403,,2191,4,,,0
30005019,'1495403',1503,,2192,4,,,0
30005019,'1495405',1603,,2193,4,,,0
30005019,'1495407',1703,,2194,4,,,0
30005019,'1495409',1803,,2195,4,,,0
30005019,'1495411',1903,,2196,4,,,0
30005019,'1495413',2003,,2197,4,,,0
30005019,'1495415',2103,,2198,4,,,0
30005019,'1495417',2203,,2199,4,,,0
30005019,'1495760',1903,,2200,4,,,0
30005019,'1495762',2003,,2201,4,,,0
30005019,'1495764',2103,,2202,4,,,0
30005019,'1495766',2203,,2203,4,,,0
30005019,'1495768',503,,2204,4,,,0
30005019,'1495770',603,,2205,4,,,0
30005019,'1495772',703,,2206,4,,,0
30005019,'1495773',733,,2207,4,,,0
30005019,'1495774',803,,2208,4,,,0
30005019,'1495775',833,,2209,4,,,0
30005019,'1495776',903,,2210,4,,,0
30005019,'1495777',933,,2211,4,,,0
30005019,'1495778',1003,,2212,4,,,0
30005019,'1495779',1033,,2213,4,,,0
30005019,'1495780',1103,,2214,4,,,0
30005019,'1495781',1133,,2215,4,,,0
30005019,'1495782',1203,,2216,4,,,0
30005019,'1495783',1233,,2217,4,,,0
30005019,'1495784',1303,,2218,4,,,0
30005019,'1495785',1333,,2219,4,,,0
30005019,'1495786',1403,,2220,4,,,0
30005019,'1495787',1433,,2221,4,,,0
30005019,'1495788',1503,,2222,4,,,0
30005019,'1495789',1533,,2223,4,,,0
30005019,'1495790',1603,,2224,4,,,0
30005019,'1495791',1633,,2225,4,,,0
30005019,'1495792',1703,,2226,4,,,0
30005019,'1495793',1733,,2227,4,,,0
30005019,'1495794',1803,,2228,4,,,0
30005019,'1495795',1833,,2229,4,,,0
