30005019,'1495118',707,,2168,7,,,0
30005019,'1495120',807,,2169,7,,,0
30005019,'1495122',907,,2170,7,,,0
30005019,'1495124',1007,,2171,7,,,0
30005019,'1495126',1107,,2172,7,,,0
30005019,'1495128',1207,,2173,7,,,0
30005019,'1495130',1307,,2174,7,,,0
30005019,'1495132',1407,,2175,7,,,0
30005019,'1495134',1507,,2176,7,,,0
30005019,'1495136',1607,,2177,7,,,0
30005019,'1495138',1707,,2178,7,,,0
30005019,'1495140',1807,,2179,7,,,0
30005019,'1495142',1907,,2180,7,,,0
30005019,'1495144',2007,,2181,7,,,0
30005019,'1495146',2107,,2182,7,,,0
30005019,'1495385',607,,2183,7,,,0
30005019,'1495387',707,,2184,7,,,0
30005019,'1495389',807,,2185,7,,,0
30005019,'1495391',907,,2186,7,,,0
30005019,'1495393',1007,,2187,7,,,0
30005019,'1495395',1107,,2188,7,,,0
30005019,'1495397',1207,,2189,7,,,0
30005019,'1495399',1307,,2190,7,,,0
30005019,'1495401',1407,,2191,7,,,0
30005019,'1495403',1507,,2192,7,,,0
30005019,'1495405',1607,,2193,7,,,0
30005019,'1495407',1707,,2194,7,,,0
30005019,'1495409',1807,,2195,7,,,0
30005019,'1495411',1907,,2196,7,,,0
30005019,'1495413',2007,,2197,7,,,0
30005019,'1495415',2107,,2198,7,,,0
30005019,'1495417',2207,,2199,7,,,0
30005019,'1495760',1907,,2200,7,,,0
30005019,'1495762',2007,,2201,7,,,0
30005019,'1495764',2107,,2202,7,,,0
30005019,'1495766',2207,,2203,7,,,0
30005019,'1495768',507,,2204,7,,,0
30005019,'1495770',607,,2205,7,,,0
30005019,'1495772',707,,2206,7,,,0
30005019,'1495773',737,,2207,7,,,0
30005019,'1495774',807,,2208,7,,,0
30005019,'1495775',837,,2209,7,,,0
30005019,'1495776',907,,2210,7,,,0
30005019,'1495777',937,,2211,7,,,0
30005019,'1495778',1007,,2212,7,,,0
30005019,'1495779',1037,,2213,7,,,0
30005019,'1495780',1107,,2214,7,,,0
30005019,'1495781',1137,,2215,7,,,0
30005019,'1495782',1207,,2216,7,,,0
30005019,'1495783',1237,,2217,7,,,0
30005019,'1495784',1307,,2218,7,,,0
30005019,'1495785',1337,,2219,7,,,0
30005019,'1495786',1407,,2220,7,,,0
30005019,'1495787',1437,,2221,7,,,0
30005019,'1495788',1507,,2222,7,,,0
30005019,'1495789',1537,,2223,7,,,0
30005019,'1495790',1607,,2224,7,,,0
30005019,'1495791',1637,,2225,7,,,0
30005019,'1495792',1707,,2226,7,,,0
30005019,'1495793',1737,,2227,7,,,0
30005019,'1495794',1807,,2228,7,,,0
30005019,'1495795',1837,,2229,7,,,0
