6019,'1495151',921,,1704,21,,,0
6019,'1495153',1021,,1705,21,,,0
6019,'1495155',1121,,1706,21,,,0
6019,'1495157',1221,,1707,21,,,0
6019,'1495159',1321,,1708,21,,,0
6019,'1495161',1421,,1709,21,,,0
6019,'1495171',2051,,1710,21,,,0
6019,'1495173',2151,,1711,21,,,0
6019,'1495422',821,,1712,21,,,0
6019,'1495424',921,,1713,21,,,0
6019,'1495426',1021,,1714,21,,,0
6019,'1495428',1121,,1715,21,,,0
6019,'1495430',1221,,1716,21,,,0
6019,'1495432',1321,,1717,21,,,0
6019,'1495444',2051,,1718,21,,,0
6019,'1495446',2151,,1719,21,,,0
6019,'1495448',2251,,1720,21,,,0
6019,'1495803',951,,1721,21,,,0
6019,'1495805',1051,,1722,21,,,0
6019,'1495807',1151,,1723,21,,,0
6019,'1495809',1251,,1724,21,,,0
6019,'1495811',1351,,1725,21,,,0
6019,'1495813',1451,,1726,21,,,0
6019,'1495823',2121,,1727,21,,,0
6019,'1495825',2221,,1728,21,,,0
6019,'1495827',2321,,1729,21,,,0
6019,'1495834',921,,1730,21,,,0
6019,'1495836',1021,,1731,21,,,0
6019,'1495838',1121,,1732,21,,,0
6019,'1495840',1221,,1733,21,,,0
6019,'1495842',1321,,1734,21,,,0
6019,'1495844',1421,,1735,21,,,0
6029,'1495149',811,,1737,28,0,5,0
6029,'1495163',1531,,1745,28,0,5,0
6029,'1495165',1651,,1747,28,0,5,0
6029,'1495167',1811,,1749,28,0,5,0
6029,'1495169',1931,,1751,28,0,5,0
6029,'1495420',711,,1755,28,0,5,0
6029,'1495434',1431,,1763,28,0,5,0
6029,'1495436',1551,,1765,28,0,5,0
6029,'1495438',1711,,1767,28,0,5,0
6029,'1495440',1831,,1769,28,0,5,0
6029,'1495442',1951,,1771,28,0,5,0
6029,'1495797',611,,1776,28,0,5,0
6029,'1495799',731,,1778,28,0,5,0
6029,'1495801',851,,1780,28,0,5,0
6029,'1495815',1611,,1788,28,0,5,0
6029,'1495817',1731,,1790,28,0,5,0
6029,'1495819',1851,,1792,28,0,5,0
6029,'1495821',2011,,1794,28,0,5,0
6029,'1495828',531,,1798,28,0,5,0
6029,'1495830',651,,1800,28,0,5,0
6029,'1495832',811,,1802,28,0,5,0
6029,'1495846',1531,,1810,28,0,5,0
6029,'1495848',1651,,1812,28,0,5,0
6029,'1495850',1811,,1814,28,0,5,0
30003019,'1495062',749,,2119,14,,,0
30003019,'1495064',849,,2120,14,,,0
30003019,'1495066',949,,2121,14,,,0
30003019,'1495068',1049,,2122,14,,,0
30003019,'1495070',1149,,2123,14,,,0
30003019,'1495072',1249,,2124,14,,,0
30003019,'1495074',1349,,2125,14,,,0
30003019,'1495076',1449,,2126,14,,,0
30003019,'1495078',1549,,2127,14,,,0
30003019,'1495080',1649,,2128,14,,,0
30003019,'1495082',1749,,2129,14,,,0
30003019,'1495084',1849,,2130,14,,,0
30003019,'1495216',2019,,2131,14,,,0
30003019,'1495316',749,,2132,14,,,0
30003019,'1495318',849,,2133,14,,,0
30003019,'1495320',949,,2134,14,,,0
30003019,'1495322',1049,,2135,14,,,0
30003019,'1495324',1149,,2136,14,,,0
30003019,'1495326',1249,,2137,14,,,0
30003019,'1495328',1349,,2138,14,,,0
30003019,'1495330',1449,,2139,14,,,0
30003019,'1495332',1549,,2140,14,,,0
30003019,'1495334',1649,,2141,14,,,0
30003019,'1495336',1749,,2142,14,,,0
30003019,'1495338',1849,,2143,14,,,0
30003019,'1495340',1949,,2144,14,,,0
30003019,'1495342',2049,,2145,14,,,0
30003019,'1495344',2149,,2146,14,,,0
30003019,'1495631',719,,2147,14,,,0
30003019,'1495645',1419,,2148,14,,,0
30003019,'1495647',1519,,2149,14,,,0
30003019,'1495649',1619,,2150,14,,,0
30003019,'1495651',1719,,2151,14,,,0
30003019,'1495653',1819,,2152,14,,,0
30003019,'1495655',1919,,2153,14,,,0
30003019,'1495657',2019,,2154,14,,,0
30003019,'1495659',2119,,2155,14,,,0
30003019,'1495661',2219,,2156,14,,,0
30003019,'1495662',834,,2157,14,,,0
30003019,'1495663',904,,2158,14,,,0
30003019,'1495664',934,,2159,14,,,0
30003019,'1495665',1004,,2160,14,,,0
30003019,'1495666',1034,,2161,14,,,0
30003019,'1495667',1104,,2162,14,,,0
30003019,'1495668',1134,,2163,14,,,0
30003019,'1495669',1204,,2164,14,,,0
30003019,'1495670',1234,,2165,14,,,0
30003019,'1495671',1304,,2166,14,,,0
30003019,'1495672',1334,,2167,14,,,0
