10003019,'1495063',821,,2007,17,,,0
10003019,'1495065',921,,2008,17,,,0
10003019,'1495067',1021,,2009,17,,,0
10003019,'1495069',1121,,2010,17,,,0
10003019,'1495071',1221,,2011,17,,,0
10003019,'1495073',1321,,2012,17,,,0
10003019,'1495075',1421,,2013,17,,,0
10003019,'1495077',1521,,2014,17,,,0
10003019,'1495079',1621,,2015,17,,,0
10003019,'1495081',1721,,2016,17,,,0
10003019,'1495083',1821,,2017,17,,,0
10003019,'1495213',1921,,2018,17,,,0
10003019,'1495219',2121,,2019,17,,,0
10003019,'1495317',821,,2020,17,,,0
10003019,'1495319',921,,2021,17,,,0
10003019,'1495321',1021,,2022,17,,,0
10003019,'1495323',1121,,2023,17,,,0
10003019,'1495325',1221,,2024,17,,,0
10003019,'1495327',1321,,2025,17,,,0
10003019,'1495329',1421,,2026,17,,,0
10003019,'1495331',1521,,2027,17,,,0
10003019,'1495333',1621,,2028,17,,,0
10003019,'1495335',1721,,2029,17,,,0
10003019,'1495337',1821,,2030,17,,,0
10003019,'1495339',1921,,2031,17,,,0
10003019,'1495341',2021,,2032,17,,,0
10003019,'1495343',2121,,2033,17,,,0
10003019,'1495451',721,,2034,17,,,0
10003019,'1495630',651,,2035,17,,,0
10003019,'1495632',751,,2036,17,,,0
10003019,'1495633',821,,2037,17,,,0
10003019,'1495634',851,,2038,17,,,0
10003019,'1495635',921,,2039,17,,,0
10003019,'1495636',951,,2040,17,,,0
10003019,'1495637',1021,,2041,17,,,0
10003019,'1495638',1051,,2042,17,,,0
10003019,'1495639',1121,,2043,17,,,0
10003019,'1495640',1151,,2044,17,,,0
10003019,'1495641',1221,,2045,17,,,0
10003019,'1495642',1251,,2046,17,,,0
10003019,'1495643',1321,,2047,17,,,0
10003019,'1495644',1351,,2048,17,,,0
10003019,'1495646',1451,,2049,17,,,0
10003019,'1495648',1551,,2050,17,,,0
10003019,'1495650',1651,,2051,17,,,0
10003019,'1495652',1751,,2052,17,,,0
10003019,'1495654',1851,,2053,17,,,0
10003019,'1495656',1951,,2054,17,,,0
10003019,'1495658',2051,,2055,17,,,0
10003019,'1495660',2151,,2056,17,,,0
