6029,'1495148',709,,1736,11,,,0
6029,'1495150',829,,1738,11,,,0
6029,'1495152',938,,1739,11,,,0
6029,'1495154',1038,,1740,11,,,0
6029,'1495156',1138,,1741,11,,,0
6029,'1495158',1238,,1742,11,,,0
6029,'1495160',1338,,1743,11,,,0
6029,'1495162',1438,,1744,11,,,0
6029,'1495164',1549,,1746,11,,,0
6029,'1495166',1709,,1748,11,,,0
6029,'1495168',1829,,1750,11,,,0
6029,'1495170',1949,,1752,11,,,0
6029,'1495172',2108,,1753,11,,,0
6029,'1495419',609,,1754,11,,,0
6029,'1495421',729,,1756,11,,,0
6029,'1495423',838,,1757,11,,,0
6029,'1495425',938,,1758,11,,,0
6029,'1495427',1038,,1759,11,,,0
6029,'1495429',1138,,1760,11,,,0
6029,'1495431',1238,,1761,11,,,0
6029,'1495433',1338,,1762,11,,,0
6029,'1495435',1449,,1764,11,,,0
6029,'1495437',1609,,1766,11,,,0
6029,'1495439',1729,,1768,11,,,0
6029,'1495441',1849,,1770,11,,,0
6029,'1495443',2008,,1772,11,,,0
6029,'1495445',2108,,1773,11,,,0
6029,'1495447',2208,,1774,11,,,0
6029,'1495796',509,,1775,11,,,0
6029,'1495798',629,,1777,11,,,0
6029,'1495800',749,,1779,11,,,0
6029,'1495802',908,,1781,11,,,0
6029,'1495804',1008,,1782,11,,,0
6029,'1495806',1108,,1783,11,,,0
6029,'1495808',1208,,1784,11,,,0
6029,'1495810',1308,,1785,11,,,0
6029,'1495812',1408,,1786,11,,,0
6029,'1495814',1509,,1787,11,,,0
6029,'1495816',1629,,1789,11,,,0
6029,'1495818',1749,,1791,11,,,0
6029,'1495820',1909,,1793,11,,,0
6029,'1495822',2038,,1795,11,,,0
6029,'1495824',2138,,1796,11,,,0
6029,'1495826',2238,,1797,11,,,0
6029,'1495829',549,,1799,11,,,0
6029,'1495831',709,,1801,11,,,0
6029,'1495833',829,,1803,11,,,0
6029,'1495835',938,,1804,11,,,0
6029,'1495837',1038,,1805,11,,,0
6029,'1495839',1138,,1806,11,,,0
6029,'1495841',1238,,1807,11,,,0
6029,'1495843',1338,,1808,11,,,0
6029,'1495845',1438,,1809,11,,,0
6029,'1495847',1549,,1811,11,,,0
6029,'1495849',1709,,1813,11,,,0
