30005019,'1495118',712,,2168,13,,,0
30005019,'1495120',812,,2169,13,,,0
30005019,'1495122',912,,2170,13,,,0
30005019,'1495124',1012,,2171,13,,,0
30005019,'1495126',1112,,2172,13,,,0
30005019,'1495128',1212,,2173,13,,,0
30005019,'1495130',1312,,2174,13,,,0
30005019,'1495132',1412,,2175,13,,,0
30005019,'1495134',1512,,2176,13,,,0
30005019,'1495136',1612,,2177,13,,,0
30005019,'1495138',1712,,2178,13,,,0
30005019,'1495140',1812,,2179,13,,,0
30005019,'1495142',1912,,2180,13,,,0
30005019,'1495144',2012,,2181,13,,,0
30005019,'1495146',2112,,2182,13,,,0
30005019,'1495385',612,,2183,13,,,0
30005019,'1495387',712,,2184,13,,,0
30005019,'1495389',812,,2185,13,,,0
30005019,'1495391',912,,2186,13,,,0
30005019,'1495393',1012,,2187,13,,,0
30005019,'1495395',1112,,2188,13,,,0
30005019,'1495397',1212,,2189,13,,,0
30005019,'1495399',1312,,2190,13,,,0
30005019,'1495401',1412,,2191,13,,,0
30005019,'1495403',1512,,2192,13,,,0
30005019,'1495405',1612,,2193,13,,,0
30005019,'1495407',1712,,2194,13,,,0
30005019,'1495409',1812,,2195,13,,,0
30005019,'1495411',1912,,2196,13,,,0
30005019,'1495413',2012,,2197,13,,,0
30005019,'1495415',2112,,2198,13,,,0
30005019,'1495417',2212,,2199,13,,,0
30005019,'1495760',1912,,2200,13,,,0
30005019,'1495762',2012,,2201,13,,,0
30005019,'1495764',2112,,2202,13,,,0
30005019,'1495766',2212,,2203,13,,,0
30005019,'1495768',512,,2204,13,,,0
30005019,'1495770',612,,2205,13,,,0
30005019,'1495772',712,,2206,13,,,0
30005019,'1495773',742,,2207,13,,,0
30005019,'1495774',812,,2208,13,,,0
30005019,'1495775',842,,2209,13,,,0
30005019,'1495776',912,,2210,13,,,0
30005019,'1495777',942,,2211,13,,,0
30005019,'1495778',1012,,2212,13,,,0
30005019,'1495779',1042,,2213,13,,,0
30005019,'1495780',1112,,2214,13,,,0
30005019,'1495781',1142,,2215,13,,,0
30005019,'1495782',1212,,2216,13,,,0
30005019,'1495783',1242,,2217,13,,,0
30005019,'1495784',1312,,2218,13,,,0
30005019,'1495785',1342,,2219,13,,,0
30005019,'1495786',1412,,2220,13,,,0
30005019,'1495787',1442,,2221,13,,,0
30005019,'1495788',1512,,2222,13,,,0
30005019,'1495789',1542,,2223,13,,,0
30005019,'1495790',1612,,2224,13,,,0
30005019,'1495791',1642,,2225,13,,,0
30005019,'1495792',1712,,2226,13,,,0
30005019,'1495793',1742,,2227,13,,,0
30005019,'1495794',1812,,2228,13,,,0
30005019,'1495795',1842,,2229,13,,,0
