6019,'1495151',907,,1704,6,,,0
6019,'1495153',1007,,1705,6,,,0
6019,'1495155',1107,,1706,6,,,0
6019,'1495157',1207,,1707,6,,,0
6019,'1495159',1307,,1708,6,,,0
6019,'1495161',1407,,1709,6,,,0
6019,'1495171',2037,,1710,6,,,0
6019,'1495173',2137,,1711,6,,,0
6019,'1495422',807,,1712,6,,,0
6019,'1495424',907,,1713,6,,,0
6019,'1495426',1007,,1714,6,,,0
6019,'1495428',1107,,1715,6,,,0
6019,'1495430',1207,,1716,6,,,0
6019,'1495432',1307,,1717,6,,,0
6019,'1495444',2037,,1718,6,,,0
6019,'1495446',2137,,1719,6,,,0
6019,'1495448',2237,,1720,6,,,0
6019,'1495803',937,,1721,6,,,0
6019,'1495805',1037,,1722,6,,,0
6019,'1495807',1137,,1723,6,,,0
6019,'1495809',1237,,1724,6,,,0
6019,'1495811',1337,,1725,6,,,0
6019,'1495813',1437,,1726,6,,,0
6019,'1495823',2107,,1727,6,,,0
6019,'1495825',2207,,1728,6,,,0
6019,'1495827',2307,,1729,6,,,0
6019,'1495834',907,,1730,6,,,0
6019,'1495836',1007,,1731,6,,,0
6019,'1495838',1107,,1732,6,,,0
6019,'1495840',1207,,1733,6,,,0
6019,'1495842',1307,,1734,6,,,0
6019,'1495844',1407,,1735,6,,,0
6029,'1495149',748,,1737,6,0,5,0
6029,'1495163',1508,,1745,6,0,5,0
6029,'1495165',1628,,1747,6,0,5,0
6029,'1495167',1748,,1749,6,0,5,0
6029,'1495169',1908,,1751,6,0,5,0
6029,'1495420',648,,1755,6,0,5,0
6029,'1495434',1408,,1763,6,0,5,0
6029,'1495436',1528,,1765,6,0,5,0
6029,'1495438',1648,,1767,6,0,5,0
6029,'1495440',1808,,1769,6,0,5,0
6029,'1495442',1928,,1771,6,0,5,0
6029,'1495797',548,,1776,6,0,5,0
6029,'1495799',708,,1778,6,0,5,0
6029,'1495801',828,,1780,6,0,5,0
6029,'1495815',1548,,1788,6,0,5,0
6029,'1495817',1708,,1790,6,0,5,0
6029,'1495819',1828,,1792,6,0,5,0
6029,'1495821',1948,,1794,6,0,5,0
6029,'1495828',508,,1798,6,0,5,0
6029,'1495830',628,,1800,6,0,5,0
6029,'1495832',748,,1802,6,0,5,0
6029,'1495846',1508,,1810,6,0,5,0
6029,'1495848',1628,,1812,6,0,5,0
6029,'1495850',1748,,1814,6,0,5,0
140000019,'1495223',2236,,2230,6,,,0
140000019,'1495507',2336,,2231,6,,,0
140000019,'1495910',2336,,2232,6,,,0
