10003019,'1495063',814,,2007,12,,,0
10003019,'1495065',914,,2008,12,,,0
10003019,'1495067',1014,,2009,12,,,0
10003019,'1495069',1114,,2010,12,,,0
10003019,'1495071',1214,,2011,12,,,0
10003019,'1495073',1314,,2012,12,,,0
10003019,'1495075',1414,,2013,12,,,0
10003019,'1495077',1514,,2014,12,,,0
10003019,'1495079',1614,,2015,12,,,0
10003019,'1495081',1714,,2016,12,,,0
10003019,'1495083',1814,,2017,12,,,0
10003019,'1495213',1914,,2018,12,,,0
10003019,'1495219',2114,,2019,12,,,0
10003019,'1495317',814,,2020,12,,,0
10003019,'1495319',914,,2021,12,,,0
10003019,'1495321',1014,,2022,12,,,0
10003019,'1495323',1114,,2023,12,,,0
10003019,'1495325',1214,,2024,12,,,0
10003019,'1495327',1314,,2025,12,,,0
10003019,'1495329',1414,,2026,12,,,0
10003019,'1495331',1514,,2027,12,,,0
10003019,'1495333',1614,,2028,12,,,0
10003019,'1495335',1714,,2029,12,,,0
10003019,'1495337',1814,,2030,12,,,0
10003019,'1495339',1914,,2031,12,,,0
10003019,'1495341',2014,,2032,12,,,0
10003019,'1495343',2114,,2033,12,,,0
10003019,'1495451',714,,2034,12,,,0
10003019,'1495630',644,,2035,12,,,0
10003019,'1495632',744,,2036,12,,,0
10003019,'1495633',814,,2037,12,,,0
10003019,'1495634',844,,2038,12,,,0
10003019,'1495635',914,,2039,12,,,0
10003019,'1495636',944,,2040,12,,,0
10003019,'1495637',1014,,2041,12,,,0
10003019,'1495638',1044,,2042,12,,,0
10003019,'1495639',1114,,2043,12,,,0
10003019,'1495640',1144,,2044,12,,,0
10003019,'1495641',1214,,2045,12,,,0
10003019,'1495642',1244,,2046,12,,,0
10003019,'1495643',1314,,2047,12,,,0
10003019,'1495644',1344,,2048,12,,,0
10003019,'1495646',1444,,2049,12,,,0
10003019,'1495648',1544,,2050,12,,,0
10003019,'1495650',1644,,2051,12,,,0
10003019,'1495652',1744,,2052,12,,,0
10003019,'1495654',1844,,2053,12,,,0
10003019,'1495656',1944,,2054,12,,,0
10003019,'1495658',2044,,2055,12,,,0
10003019,'1495660',2144,,2056,12,,,0
