6019,'1495151',912,,1704,11,,,0
6019,'1495153',1012,,1705,11,,,0
6019,'1495155',1112,,1706,11,,,0
6019,'1495157',1212,,1707,11,,,0
6019,'1495159',1312,,1708,11,,,0
6019,'1495161',1412,,1709,11,,,0
6019,'1495171',2042,,1710,11,,,0
6019,'1495173',2142,,1711,11,,,0
6019,'1495422',812,,1712,11,,,0
6019,'1495424',912,,1713,11,,,0
6019,'1495426',1012,,1714,11,,,0
6019,'1495428',1112,,1715,11,,,0
6019,'1495430',1212,,1716,11,,,0
6019,'1495432',1312,,1717,11,,,0
6019,'1495444',2042,,1718,11,,,0
6019,'1495446',2142,,1719,11,,,0
6019,'1495448',2242,,1720,11,,,0
6019,'1495803',942,,1721,11,,,0
6019,'1495805',1042,,1722,11,,,0
6019,'1495807',1142,,1723,11,,,0
6019,'1495809',1242,,1724,11,,,0
6019,'1495811',1342,,1725,11,,,0
6019,'1495813',1442,,1726,11,,,0
6019,'1495823',2112,,1727,11,,,0
6019,'1495825',2212,,1728,11,,,0
6019,'1495827',2312,,1729,11,,,0
6019,'1495834',912,,1730,11,,,0
6019,'1495836',1012,,1731,11,,,0
6019,'1495838',1112,,1732,11,,,0
6019,'1495840',1212,,1733,11,,,0
6019,'1495842',1312,,1734,11,,,0
6019,'1495844',1412,,1735,11,,,0
6029,'1495149',753,,1737,11,0,5,0
6029,'1495163',1513,,1745,11,0,5,0
6029,'1495165',1633,,1747,11,0,5,0
6029,'1495167',1753,,1749,11,0,5,0
6029,'1495169',1913,,1751,11,0,5,0
6029,'1495420',653,,1755,11,0,5,0
6029,'1495434',1413,,1763,11,0,5,0
6029,'1495436',1533,,1765,11,0,5,0
6029,'1495438',1653,,1767,11,0,5,0
6029,'1495440',1813,,1769,11,0,5,0
6029,'1495442',1933,,1771,11,0,5,0
6029,'1495797',553,,1776,11,0,5,0
6029,'1495799',713,,1778,11,0,5,0
6029,'1495801',833,,1780,11,0,5,0
6029,'1495815',1553,,1788,11,0,5,0
6029,'1495817',1713,,1790,11,0,5,0
6029,'1495819',1833,,1792,11,0,5,0
6029,'1495821',1953,,1794,11,0,5,0
6029,'1495828',513,,1798,11,0,5,0
6029,'1495830',633,,1800,11,0,5,0
6029,'1495832',753,,1802,11,0,5,0
6029,'1495846',1513,,1810,11,0,5,0
6029,'1495848',1633,,1812,11,0,5,0
6029,'1495850',1753,,1814,11,0,5,0
140000019,'1495223',2240,,2230,11,,,0
140000019,'1495507',2340,,2231,11,,,0
140000019,'1495910',2340,,2232,11,,,0
