7029,'1495174',711,,1886,11,,,0
7029,'1495178',811,,1887,11,,,0
7029,'1495182',911,,1888,11,,,0
7029,'1495186',1015,,1889,11,,,0
7029,'1495188',1055,,1890,11,,,0
7029,'1495191',1215,,1891,11,,,0
7029,'1495193',1255,,1892,11,,,0
7029,'1495195',1335,,1893,11,,,0
7029,'1495197',1415,,1894,11,,,0
7029,'1495199',1455,,1895,11,,,0
7029,'1495201',1535,,1896,11,,,0
7029,'1495203',1615,,1897,11,,,0
7029,'1495205',1655,,1898,11,,,0
7029,'1495207',1735,,1899,11,,,0
7029,'1495209',1811,,1900,11,,,0
7029,'1495211',1841,,1901,11,,,0
7029,'1495214',1941,,1902,11,,,0
7029,'1495217',2041,,1903,11,,,0
7029,'1495220',2141,,1904,11,,,0
7029,'1495222',2211,,1905,11,,,0
7029,'1495449',641,,1906,11,,,0
7029,'1495452',741,,1907,11,,,0
7029,'1495456',841,,1908,11,,,0
7029,'1495458',911,,1909,11,,,0
7029,'1495460',941,,1910,11,,,0
7029,'1495462',1015,,1911,11,,,0
7029,'1495464',1055,,1912,11,,,0
7029,'1495466',1135,,1913,11,,,0
7029,'1495468',1215,,1914,11,,,0
7029,'1495470',1255,,1915,11,,,0
7029,'1495472',1335,,1916,11,,,0
7029,'1495474',1415,,1917,11,,,0
7029,'1495476',1455,,1918,11,,,0
7029,'1495478',1535,,1919,11,,,0
7029,'1495480',1615,,1920,11,,,0
7029,'1495482',1655,,1921,11,,,0
7029,'1495484',1735,,1922,11,,,0
7029,'1495486',1811,,1923,11,,,0
7029,'1495488',1841,,1924,11,,,0
7029,'1495492',1941,,1925,11,,,0
7029,'1495496',2041,,1926,11,,,0
7029,'1495500',2141,,1927,11,,,0
7029,'1495504',2241,,1928,11,,,0
7029,'1495506',2311,,1929,11,,,0
7029,'1495851',611,,1930,11,,,0
7029,'1495853',641,,1931,11,,,0
7029,'1495855',711,,1932,11,,,0
7029,'1495857',741,,1933,11,,,0
7029,'1495859',811,,1934,11,,,0
7029,'1495861',841,,1935,11,,,0
7029,'1495863',915,,1936,11,,,0
7029,'1495865',955,,1937,11,,,0
7029,'1495867',1035,,1938,11,,,0
7029,'1495869',1115,,1939,11,,,0
7029,'1495871',1155,,1940,11,,,0
7029,'1495873',1235,,1941,11,,,0
7029,'1495875',1315,,1942,11,,,0
7029,'1495877',1355,,1943,11,,,0
7029,'1495879',1435,,1944,11,,,0
7029,'1495881',1515,,1945,11,,,0
7029,'1495883',1555,,1946,11,,,0
7029,'1495885',1635,,1947,11,,,0
7029,'1495887',1715,,1948,11,,,0
7029,'1495889',1755,,1949,11,,,0
7029,'1495891',1835,,1950,11,,,0
7029,'1495893',1911,,1951,11,,,0
7029,'1495895',1941,,1952,11,,,0
7029,'1495897',2011,,1953,11,,,0
7029,'1495899',2041,,1954,11,,,0
7029,'1495901',2111,,1955,11,,,0
7029,'1495903',2141,,1956,11,,,0
7029,'1495905',2211,,1957,11,,,0
7029,'1495907',2241,,1958,11,,,0
7029,'1495909',2311,,1959,11,,,0
