30003019,'1495062',741,,2119,7,,,0
30003019,'1495064',841,,2120,7,,,0
30003019,'1495066',941,,2121,7,,,0
30003019,'1495068',1041,,2122,7,,,0
30003019,'1495070',1141,,2123,7,,,0
30003019,'1495072',1241,,2124,7,,,0
30003019,'1495074',1341,,2125,7,,,0
30003019,'1495076',1441,,2126,7,,,0
30003019,'1495078',1541,,2127,7,,,0
30003019,'1495080',1641,,2128,7,,,0
30003019,'1495082',1741,,2129,7,,,0
30003019,'1495084',1841,,2130,7,,,0
30003019,'1495216',2011,,2131,7,,,0
30003019,'1495316',741,,2132,7,,,0
30003019,'1495318',841,,2133,7,,,0
30003019,'1495320',941,,2134,7,,,0
30003019,'1495322',1041,,2135,7,,,0
30003019,'1495324',1141,,2136,7,,,0
30003019,'1495326',1241,,2137,7,,,0
30003019,'1495328',1341,,2138,7,,,0
30003019,'1495330',1441,,2139,7,,,0
30003019,'1495332',1541,,2140,7,,,0
30003019,'1495334',1641,,2141,7,,,0
30003019,'1495336',1741,,2142,7,,,0
30003019,'1495338',1841,,2143,7,,,0
30003019,'1495340',1941,,2144,7,,,0
30003019,'1495342',2041,,2145,7,,,0
30003019,'1495344',2141,,2146,7,,,0
30003019,'1495631',711,,2147,7,,,0
30003019,'1495645',1411,,2148,7,,,0
30003019,'1495647',1511,,2149,7,,,0
30003019,'1495649',1611,,2150,7,,,0
30003019,'1495651',1711,,2151,7,,,0
30003019,'1495653',1811,,2152,7,,,0
30003019,'1495655',1911,,2153,7,,,0
30003019,'1495657',2011,,2154,7,,,0
30003019,'1495659',2111,,2155,7,,,0
30003019,'1495661',2211,,2156,7,,,0
30003019,'1495662',826,,2157,7,,,0
30003019,'1495663',856,,2158,7,,,0
30003019,'1495664',926,,2159,7,,,0
30003019,'1495665',956,,2160,7,,,0
30003019,'1495666',1026,,2161,7,,,0
30003019,'1495667',1056,,2162,7,,,0
30003019,'1495668',1126,,2163,7,,,0
30003019,'1495669',1156,,2164,7,,,0
30003019,'1495670',1226,,2165,7,,,0
30003019,'1495671',1256,,2166,7,,,0
30003019,'1495672',1326,,2167,7,,,0
