8019,'1495087',810,,1960,7,,,0
8019,'1495090',930,,1961,7,,,0
8019,'1495093',1050,,1962,7,,,0
8019,'1495096',1210,,1963,7,,,0
8019,'1495099',1330,,1964,7,,,0
8019,'1495102',1450,,1965,7,,,0
8019,'1495105',1610,,1966,7,,,0
8019,'1495108',1730,,1967,7,,,0
8019,'1495111',1850,,1968,7,,,0
8019,'1495114',2010,,1969,7,,,0
8019,'1495117',2130,,1970,7,,,0
8019,'1495190',1130,,1971,7,,,0
8019,'1495347',650,,1972,7,,,0
8019,'1495350',810,,1973,7,,,0
8019,'1495353',930,,1974,7,,,0
8019,'1495356',1050,,1975,7,,,0
8019,'1495359',1210,,1976,7,,,0
8019,'1495362',1330,,1977,7,,,0
8019,'1495365',1450,,1978,7,,,0
8019,'1495368',1610,,1979,7,,,0
8019,'1495371',1730,,1980,7,,,0
8019,'1495374',1850,,1981,7,,,0
8019,'1495377',2010,,1982,7,,,0
8019,'1495380',2130,,1983,7,,,0
8019,'1495733',2150,,1984,7,,,0
8019,'1495911',630,,1985,7,,,0
8019,'1495912',710,,1986,7,,,0
8019,'1495913',750,,1987,7,,,0
8019,'1495914',830,,1988,7,,,0
8019,'1495915',910,,1989,7,,,0
8019,'1495916',950,,1990,7,,,0
8019,'1495917',1030,,1991,7,,,0
8019,'1495918',1110,,1992,7,,,0
8019,'1495919',1150,,1993,7,,,0
8019,'1495920',1230,,1994,7,,,0
8019,'1495921',1310,,1995,7,,,0
8019,'1495922',1350,,1996,7,,,0
8019,'1495923',1430,,1997,7,,,0
8019,'1495924',1510,,1998,7,,,0
8019,'1495925',1550,,1999,7,,,0
8019,'1495926',1630,,2000,7,,,0
8019,'1495927',1710,,2001,7,,,0
8019,'1495928',1750,,2002,7,,,0
8019,'1495929',1830,,2003,7,,,0
8019,'1495930',1910,,2004,7,,,0
8019,'1495931',1950,,2005,7,,,0
8019,'1495932',2030,,2006,7,,,0
