6029,'1495148',710,,1736,12,,,0
6029,'1495150',830,,1738,12,,,0
6029,'1495152',939,,1739,12,,,0
6029,'1495154',1039,,1740,12,,,0
6029,'1495156',1139,,1741,12,,,0
6029,'1495158',1239,,1742,12,,,0
6029,'1495160',1339,,1743,12,,,0
6029,'1495162',1439,,1744,12,,,0
6029,'1495164',1550,,1746,12,,,0
6029,'1495166',1710,,1748,12,,,0
6029,'1495168',1830,,1750,12,,,0
6029,'1495170',1950,,1752,12,,,0
6029,'1495172',2109,,1753,12,,,0
6029,'1495419',610,,1754,12,,,0
6029,'1495421',730,,1756,12,,,0
6029,'1495423',839,,1757,12,,,0
6029,'1495425',939,,1758,12,,,0
6029,'1495427',1039,,1759,12,,,0
6029,'1495429',1139,,1760,12,,,0
6029,'1495431',1239,,1761,12,,,0
6029,'1495433',1339,,1762,12,,,0
6029,'1495435',1450,,1764,12,,,0
6029,'1495437',1610,,1766,12,,,0
6029,'1495439',1730,,1768,12,,,0
6029,'1495441',1850,,1770,12,,,0
6029,'1495443',2009,,1772,12,,,0
6029,'1495445',2109,,1773,12,,,0
6029,'1495447',2209,,1774,12,,,0
6029,'1495796',510,,1775,12,,,0
6029,'1495798',630,,1777,12,,,0
6029,'1495800',750,,1779,12,,,0
6029,'1495802',909,,1781,12,,,0
6029,'1495804',1009,,1782,12,,,0
6029,'1495806',1109,,1783,12,,,0
6029,'1495808',1209,,1784,12,,,0
6029,'1495810',1309,,1785,12,,,0
6029,'1495812',1409,,1786,12,,,0
6029,'1495814',1510,,1787,12,,,0
6029,'1495816',1630,,1789,12,,,0
6029,'1495818',1750,,1791,12,,,0
6029,'1495820',1910,,1793,12,,,0
6029,'1495822',2039,,1795,12,,,0
6029,'1495824',2139,,1796,12,,,0
6029,'1495826',2239,,1797,12,,,0
6029,'1495829',550,,1799,12,,,0
6029,'1495831',710,,1801,12,,,0
6029,'1495833',830,,1803,12,,,0
6029,'1495835',939,,1804,12,,,0
6029,'1495837',1039,,1805,12,,,0
6029,'1495839',1139,,1806,12,,,0
6029,'1495841',1239,,1807,12,,,0
6029,'1495843',1339,,1808,12,,,0
6029,'1495845',1439,,1809,12,,,0
6029,'1495847',1550,,1811,12,,,0
6029,'1495849',1710,,1813,12,,,0
