6019,'1495151',928,,1704,29,4,,0
6019,'1495153',1028,,1705,29,4,,0
6019,'1495155',1128,,1706,29,4,,0
6019,'1495157',1228,,1707,29,4,,0
6019,'1495159',1328,,1708,29,4,,0
6019,'1495161',1428,,1709,29,4,,0
6019,'1495171',2058,,1710,29,4,,0
6019,'1495173',2158,,1711,29,4,,0
6019,'1495422',828,,1712,29,4,,0
6019,'1495424',928,,1713,29,4,,0
6019,'1495426',1028,,1714,29,4,,0
6019,'1495428',1128,,1715,29,4,,0
6019,'1495430',1228,,1716,29,4,,0
6019,'1495432',1328,,1717,29,4,,0
6019,'1495444',2058,,1718,29,4,,0
6019,'1495446',2158,,1719,29,4,,0
6019,'1495448',2258,,1720,29,4,,0
6019,'1495803',958,,1721,29,4,,0
6019,'1495805',1058,,1722,29,4,,0
6019,'1495807',1158,,1723,29,4,,0
6019,'1495809',1258,,1724,29,4,,0
6019,'1495811',1358,,1725,29,4,,0
6019,'1495813',1458,,1726,29,4,,0
6019,'1495823',2128,,1727,29,4,,0
6019,'1495825',2228,,1728,29,4,,0
6019,'1495827',2328,,1729,29,4,,0
6019,'1495834',928,,1730,29,4,,0
6019,'1495836',1028,,1731,29,4,,0
6019,'1495838',1128,,1732,29,4,,0
6019,'1495840',1228,,1733,29,4,,0
6019,'1495842',1328,,1734,29,4,,0
6019,'1495844',1428,,1735,29,4,,0
6029,'1495148',700,,1736,1,,,0
6029,'1495149',818,,1737,36,4,,0
6029,'1495150',820,,1738,1,,,0
6029,'1495152',930,,1739,1,,,0
6029,'1495154',1030,,1740,1,,,0
6029,'1495156',1130,,1741,1,,,0
6029,'1495158',1230,,1742,1,,,0
6029,'1495160',1330,,1743,1,,,0
6029,'1495162',1430,,1744,1,,,0
6029,'1495163',1538,,1745,36,4,,0
6029,'1495164',1540,,1746,1,,,0
6029,'1495165',1658,,1747,36,4,,0
6029,'1495166',1700,,1748,1,,,0
6029,'1495167',1818,,1749,36,4,,0
6029,'1495168',1820,,1750,1,,,0
6029,'1495169',1938,,1751,36,4,,0
6029,'1495170',1940,,1752,1,,,0
6029,'1495172',2100,,1753,1,,,0
6029,'1495419',600,,1754,1,,,0
6029,'1495420',718,,1755,36,4,,0
6029,'1495421',720,,1756,1,,,0
6029,'1495423',830,,1757,1,,,0
6029,'1495425',930,,1758,1,,,0
6029,'1495427',1030,,1759,1,,,0
6029,'1495429',1130,,1760,1,,,0
6029,'1495431',1230,,1761,1,,,0
6029,'1495433',1330,,1762,1,,,0
6029,'1495434',1438,,1763,36,4,,0
6029,'1495435',1440,,1764,1,,,0
6029,'1495436',1558,,1765,36,4,,0
6029,'1495437',1600,,1766,1,,,0
6029,'1495438',1718,,1767,36,4,,0
6029,'1495439',1720,,1768,1,,,0
6029,'1495440',1838,,1769,36,4,,0
6029,'1495441',1840,,1770,1,,,0
6029,'1495442',1958,,1771,36,4,,0
6029,'1495443',2000,,1772,1,,,0
6029,'1495445',2100,,1773,1,,,0
6029,'1495447',2200,,1774,1,,,0
6029,'1495796',500,,1775,1,,,0
6029,'1495797',618,,1776,36,4,,0
6029,'1495798',620,,1777,1,,,0
6029,'1495799',738,,1778,36,4,,0
6029,'1495800',740,,1779,1,,,0
6029,'1495801',858,,1780,36,4,,0
6029,'1495802',900,,1781,1,,,0
6029,'1495804',1000,,1782,1,,,0
6029,'1495806',1100,,1783,1,,,0
6029,'1495808',1200,,1784,1,,,0
6029,'1495810',1300,,1785,1,,,0
6029,'1495812',1400,,1786,1,,,0
6029,'1495814',1500,,1787,1,,,0
6029,'1495815',1618,,1788,36,4,,0
6029,'1495816',1620,,1789,1,,,0
6029,'1495817',1738,,1790,36,4,,0
6029,'1495818',1740,,1791,1,,,0
6029,'1495819',1858,,1792,36,4,,0
6029,'1495820',1900,,1793,1,,,0
6029,'1495821',2018,,1794,36,4,,0
6029,'1495822',2030,,1795,1,,,0
6029,'1495824',2130,,1796,1,,,0
6029,'1495826',2230,,1797,1,,,0
6029,'1495828',538,,1798,36,4,,0
6029,'1495829',540,,1799,1,,,0
6029,'1495830',658,,1800,36,4,,0
6029,'1495831',700,,1801,1,,,0
6029,'1495832',818,,1802,36,4,,0
6029,'1495833',820,,1803,1,,,0
6029,'1495835',930,,1804,1,,,0
6029,'1495837',1030,,1805,1,,,0
6029,'1495839',1130,,1806,1,,,0
6029,'1495841',1230,,1807,1,,,0
6029,'1495843',1330,,1808,1,,,0
6029,'1495845',1430,,1809,1,,,0
6029,'1495846',1538,,1810,36,4,,0
6029,'1495847',1540,,1811,1,,,0
6029,'1495848',1658,,1812,36,4,,0
6029,'1495849',1700,,1813,1,,,0
6029,'1495850',1818,,1814,36,4,,0
