2019,'1495006',705,,1426,7,,,0
2019,'1495008',735,,1427,7,,,0
2019,'1495010',805,,1428,7,,,0
2019,'1495012',835,,1429,7,,,0
2019,'1495014',905,,1430,7,,,0
2019,'1495016',935,,1431,7,,,0
2019,'1495018',1005,,1432,7,,,0
2019,'1495020',1035,,1433,7,,,0
2019,'1495022',1107,,1434,7,,,0
2019,'1495024',1147,,1435,7,,,0
2019,'1495026',1227,,1436,7,,,0
2019,'1495028',1307,,1437,7,,,0
2019,'1495030',1347,,1438,7,,,0
2019,'1495032',1427,,1439,7,,,0
2019,'1495034',1507,,1440,7,,,0
2019,'1495036',1547,,1441,7,,,0
2019,'1495038',1627,,1442,7,,,0
2019,'1495040',1705,,1443,7,,,0
2019,'1495042',1735,,1444,7,,,0
2019,'1495044',1805,,1445,7,,,0
2019,'1495048',1905,,1446,7,,,0
2019,'1495052',2005,,1447,7,,,0
2019,'1495056',2105,,1448,7,,,0
2019,'1495060',2205,,1449,7,,,0
2019,'1495226',635,,1450,7,,,0
2019,'1495230',735,,1451,7,,,0
2019,'1495232',805,,1452,7,,,0
2019,'1495234',835,,1453,7,,,0
2019,'1495236',905,,1454,7,,,0
2019,'1495238',935,,1455,7,,,0
2019,'1495240',1005,,1456,7,,,0
2019,'1495242',1035,,1457,7,,,0
2019,'1495244',1107,,1458,7,,,0
2019,'1495246',1147,,1459,7,,,0
2019,'1495248',1227,,1460,7,,,0
2019,'1495250',1307,,1461,7,,,0
2019,'1495252',1347,,1462,7,,,0
2019,'1495254',1427,,1463,7,,,0
2019,'1495256',1507,,1464,7,,,0
2019,'1495258',1547,,1465,7,,,0
2019,'1495260',1627,,1466,7,,,0
2019,'1495262',1707,,1467,7,,,0
2019,'1495264',1747,,1468,7,,,0
2019,'1495266',1827,,1469,7,,,0
2019,'1495268',1905,,1470,7,,,0
2019,'1495270',1935,,1471,7,,,0
2019,'1495272',2005,,1472,7,,,0
2019,'1495274',2035,,1473,7,,,0
2019,'1495276',2105,,1474,7,,,0
2019,'1495278',2135,,1475,7,,,0
2019,'1495280',2205,,1476,7,,,0
2019,'1495282',2235,,1477,7,,,0
2019,'1495566',2235,,1478,7,,,0
2019,'1495570',505,,1479,7,,,0
2019,'1495572',535,,1480,7,,,0
2019,'1495574',605,,1481,7,,,0
2019,'1495576',635,,1482,7,,,0
2019,'1495578',705,,1483,7,,,0
2019,'1495580',735,,1484,7,,,0
2019,'1495582',805,,1485,7,,,0
2019,'1495584',835,,1486,7,,,0
2019,'1495586',905,,1487,7,,,0
2019,'1495588',935,,1488,7,,,0
2019,'1495590',1005,,1489,7,,,0
2019,'1495592',1035,,1490,7,,,0
2019,'1495594',1107,,1491,7,,,0
2019,'1495596',1147,,1492,7,,,0
2019,'1495598',1227,,1493,7,,,0
2019,'1495600',1307,,1494,7,,,0
2019,'1495602',1347,,1495,7,,,0
2019,'1495604',1427,,1496,7,,,0
2019,'1495606',1507,,1497,7,,,0
2019,'1495608',1547,,1498,7,,,0
2019,'1495610',1627,,1499,7,,,0
2019,'1495612',1707,,1500,7,,,0
2019,'1495614',1747,,1501,7,,,0
2019,'1495616',1827,,1502,7,,,0
2019,'1495618',1905,,1503,7,,,0
2019,'1495620',1935,,1504,7,,,0
2019,'1495622',2005,,1505,7,,,0
2019,'1495624',2035,,1506,7,,,0
2019,'1495626',2105,,1507,7,,,0
2019,'1495628',2135,,1508,7,,,0
2019,'1495673',1407,,1509,7,,,0
2019,'1495675',1447,,1510,7,,,0
2019,'1495677',1527,,1511,7,,,0
2019,'1495679',1607,,1512,7,,,0
2019,'1495681',1647,,1513,7,,,0
2019,'1495683',1727,,1514,7,,,0
