1029,'1494979',1017,,1352,2,,,0
1029,'1494981',1047,,1353,2,,,0
1029,'1494983',1123,,1354,2,,,0
1029,'1494985',1203,,1355,2,,,0
1029,'1494987',1243,,1356,2,,,0
1029,'1494989',1323,,1357,2,,,0
1029,'1494991',1403,,1358,2,,,0
1029,'1494993',1443,,1359,2,,,0
1029,'1494995',1523,,1360,2,,,0
1029,'1494997',1603,,1361,2,,,0
1029,'1494999',1643,,1362,2,,,0
1029,'1495001',1717,,1363,2,,,0
1029,'1495003',1747,,1364,2,,,0
1029,'1495005',1817,,1365,2,,,0
1029,'1495047',1847,,1366,2,,,0
1029,'1495051',1947,,1367,2,,,0
1029,'1495055',2047,,1368,2,,,0
1029,'1495059',2147,,1369,2,,,0
1029,'1495177',747,,1370,2,,,0
1029,'1495181',847,,1371,2,,,0
1029,'1495185',947,,1372,2,,,0
1029,'1495225',617,,1373,2,,,0
1029,'1495229',717,,1374,2,,,0
1029,'1495285',917,,1375,2,,,0
1029,'1495287',947,,1376,2,,,0
1029,'1495289',1017,,1377,2,,,0
1029,'1495291',1047,,1378,2,,,0
1029,'1495293',1123,,1379,2,,,0
1029,'1495295',1203,,1380,2,,,0
1029,'1495297',1243,,1381,2,,,0
1029,'1495299',1323,,1382,2,,,0
1029,'1495301',1403,,1383,2,,,0
1029,'1495303',1443,,1384,2,,,0
1029,'1495305',1523,,1385,2,,,0
1029,'1495307',1603,,1386,2,,,0
1029,'1495309',1643,,1387,2,,,0
1029,'1495311',1723,,1388,2,,,0
1029,'1495313',1803,,1389,2,,,0
1029,'1495315',1843,,1390,2,,,0
1029,'1495455',817,,1391,2,,,0
1029,'1495491',1917,,1392,2,,,0
1029,'1495495',2017,,1393,2,,,0
1029,'1495499',2117,,1394,2,,,0
1029,'1495503',2217,,1395,2,,,0
1029,'1495509',617,,1396,2,,,0
1029,'1495511',647,,1397,2,,,0
1029,'1495513',717,,1398,2,,,0
1029,'1495515',747,,1399,2,,,0
1029,'1495517',817,,1400,2,,,0
1029,'1495519',847,,1401,2,,,0
1029,'1495521',917,,1402,2,,,0
1029,'1495523',947,,1403,2,,,0
1029,'1495525',1017,,1404,2,,,0
1029,'1495527',1047,,1405,2,,,0
1029,'1495529',1123,,1406,2,,,0
1029,'1495531',1203,,1407,2,,,0
1029,'1495533',1243,,1408,2,,,0
1029,'1495535',1323,,1409,2,,,0
1029,'1495537',1403,,1410,2,,,0
1029,'1495539',1443,,1411,2,,,0
1029,'1495541',1523,,1412,2,,,0
1029,'1495543',1603,,1413,2,,,0
1029,'1495545',1643,,1414,2,,,0
1029,'1495547',1723,,1415,2,,,0
1029,'1495549',1803,,1416,2,,,0
1029,'1495551',1843,,1417,2,,,0
1029,'1495553',1917,,1418,2,,,0
1029,'1495555',1947,,1419,2,,,0
1029,'1495557',2017,,1420,2,,,0
1029,'1495559',2047,,1421,2,,,0
1029,'1495561',2117,,1422,2,,,0
1029,'1495563',2147,,1423,2,,,0
1029,'1495565',2217,,1424,2,,,0
1029,'1495569',2317,,1425,2,,,0
