6029,'1495148',701,,1736,3,,,0
6029,'1495150',821,,1738,3,,,0
6029,'1495152',931,,1739,3,,,0
6029,'1495154',1031,,1740,3,,,0
6029,'1495156',1131,,1741,3,,,0
6029,'1495158',1231,,1742,3,,,0
6029,'1495160',1331,,1743,3,,,0
6029,'1495162',1431,,1744,3,,,0
6029,'1495164',1541,,1746,3,,,0
6029,'1495166',1701,,1748,3,,,0
6029,'1495168',1821,,1750,3,,,0
6029,'1495170',1941,,1752,3,,,0
6029,'1495172',2101,,1753,3,,,0
6029,'1495419',601,,1754,3,,,0
6029,'1495421',721,,1756,3,,,0
6029,'1495423',831,,1757,3,,,0
6029,'1495425',931,,1758,3,,,0
6029,'1495427',1031,,1759,3,,,0
6029,'1495429',1131,,1760,3,,,0
6029,'1495431',1231,,1761,3,,,0
6029,'1495433',1331,,1762,3,,,0
6029,'1495435',1441,,1764,3,,,0
6029,'1495437',1601,,1766,3,,,0
6029,'1495439',1721,,1768,3,,,0
6029,'1495441',1841,,1770,3,,,0
6029,'1495443',2001,,1772,3,,,0
6029,'1495445',2101,,1773,3,,,0
6029,'1495447',2201,,1774,3,,,0
6029,'1495796',501,,1775,3,,,0
6029,'1495798',621,,1777,3,,,0
6029,'1495800',741,,1779,3,,,0
6029,'1495802',901,,1781,3,,,0
6029,'1495804',1001,,1782,3,,,0
6029,'1495806',1101,,1783,3,,,0
6029,'1495808',1201,,1784,3,,,0
6029,'1495810',1301,,1785,3,,,0
6029,'1495812',1401,,1786,3,,,0
6029,'1495814',1501,,1787,3,,,0
6029,'1495816',1621,,1789,3,,,0
6029,'1495818',1741,,1791,3,,,0
6029,'1495820',1901,,1793,3,,,0
6029,'1495822',2031,,1795,3,,,0
6029,'1495824',2131,,1796,3,,,0
6029,'1495826',2231,,1797,3,,,0
6029,'1495829',541,,1799,3,,,0
6029,'1495831',701,,1801,3,,,0
6029,'1495833',821,,1803,3,,,0
6029,'1495835',931,,1804,3,,,0
6029,'1495837',1031,,1805,3,,,0
6029,'1495839',1131,,1806,3,,,0
6029,'1495841',1231,,1807,3,,,0
6029,'1495843',1331,,1808,3,,,0
6029,'1495845',1431,,1809,3,,,0
6029,'1495847',1541,,1811,3,,,0
6029,'1495849',1701,,1813,3,,,0
