2019,'1495006',702,,1426,4,,,0
2019,'1495008',732,,1427,4,,,0
2019,'1495010',802,,1428,4,,,0
2019,'1495012',832,,1429,4,,,0
2019,'1495014',902,,1430,4,,,0
2019,'1495016',932,,1431,4,,,0
2019,'1495018',1002,,1432,4,,,0
2019,'1495020',1032,,1433,4,,,0
2019,'1495022',1103,,1434,4,,,0
2019,'1495024',1143,,1435,4,,,0
2019,'1495026',1223,,1436,4,,,0
2019,'1495028',1303,,1437,4,,,0
2019,'1495030',1343,,1438,4,,,0
2019,'1495032',1423,,1439,4,,,0
2019,'1495034',1503,,1440,4,,,0
2019,'1495036',1543,,1441,4,,,0
2019,'1495038',1623,,1442,4,,,0
2019,'1495040',1702,,1443,4,,,0
2019,'1495042',1732,,1444,4,,,0
2019,'1495044',1802,,1445,4,,,0
2019,'1495048',1902,,1446,4,,,0
2019,'1495052',2002,,1447,4,,,0
2019,'1495056',2102,,1448,4,,,0
2019,'1495060',2202,,1449,4,,,0
2019,'1495226',632,,1450,4,,,0
2019,'1495230',732,,1451,4,,,0
2019,'1495232',802,,1452,4,,,0
2019,'1495234',832,,1453,4,,,0
2019,'1495236',902,,1454,4,,,0
2019,'1495238',932,,1455,4,,,0
2019,'1495240',1002,,1456,4,,,0
2019,'1495242',1032,,1457,4,,,0
2019,'1495244',1103,,1458,4,,,0
2019,'1495246',1143,,1459,4,,,0
2019,'1495248',1223,,1460,4,,,0
2019,'1495250',1303,,1461,4,,,0
2019,'1495252',1343,,1462,4,,,0
2019,'1495254',1423,,1463,4,,,0
2019,'1495256',1503,,1464,4,,,0
2019,'1495258',1543,,1465,4,,,0
2019,'1495260',1623,,1466,4,,,0
2019,'1495262',1703,,1467,4,,,0
2019,'1495264',1743,,1468,4,,,0
2019,'1495266',1823,,1469,4,,,0
2019,'1495268',1902,,1470,4,,,0
2019,'1495270',1932,,1471,4,,,0
2019,'1495272',2002,,1472,4,,,0
2019,'1495274',2032,,1473,4,,,0
2019,'1495276',2102,,1474,4,,,0
2019,'1495278',2132,,1475,4,,,0
2019,'1495280',2202,,1476,4,,,0
2019,'1495282',2232,,1477,4,,,0
2019,'1495566',2232,,1478,4,,,0
2019,'1495570',502,,1479,4,,,0
2019,'1495572',532,,1480,4,,,0
2019,'1495574',602,,1481,4,,,0
2019,'1495576',632,,1482,4,,,0
2019,'1495578',702,,1483,4,,,0
2019,'1495580',732,,1484,4,,,0
2019,'1495582',802,,1485,4,,,0
2019,'1495584',832,,1486,4,,,0
2019,'1495586',902,,1487,4,,,0
2019,'1495588',932,,1488,4,,,0
2019,'1495590',1002,,1489,4,,,0
2019,'1495592',1032,,1490,4,,,0
2019,'1495594',1103,,1491,4,,,0
2019,'1495596',1143,,1492,4,,,0
2019,'1495598',1223,,1493,4,,,0
2019,'1495600',1303,,1494,4,,,0
2019,'1495602',1343,,1495,4,,,0
2019,'1495604',1423,,1496,4,,,0
2019,'1495606',1503,,1497,4,,,0
2019,'1495608',1543,,1498,4,,,0
2019,'1495610',1623,,1499,4,,,0
2019,'1495612',1703,,1500,4,,,0
2019,'1495614',1743,,1501,4,,,0
2019,'1495616',1823,,1502,4,,,0
2019,'1495618',1902,,1503,4,,,0
2019,'1495620',1932,,1504,4,,,0
2019,'1495622',2002,,1505,4,,,0
2019,'1495624',2032,,1506,4,,,0
2019,'1495626',2102,,1507,4,,,0
2019,'1495628',2132,,1508,4,,,0
2019,'1495673',1403,,1509,4,,,0
2019,'1495675',1443,,1510,4,,,0
2019,'1495677',1523,,1511,4,,,0
2019,'1495679',1603,,1512,4,,,0
2019,'1495681',1643,,1513,4,,,0
2019,'1495683',1723,,1514,4,,,0
140000019,'1495223',2258,,2230,33,,,0
140000019,'1495507',2358,,2231,33,,,0
140000019,'1495910',2358,,2232,33,,,0
