10003019,'1495063',823,,2007,19,,,0
10003019,'1495065',923,,2008,19,,,0
10003019,'1495067',1023,,2009,19,,,0
10003019,'1495069',1123,,2010,19,,,0
10003019,'1495071',1223,,2011,19,,,0
10003019,'1495073',1323,,2012,19,,,0
10003019,'1495075',1423,,2013,19,,,0
10003019,'1495077',1523,,2014,19,,,0
10003019,'1495079',1623,,2015,19,,,0
10003019,'1495081',1723,,2016,19,,,0
10003019,'1495083',1823,,2017,19,,,0
10003019,'1495213',1923,,2018,19,,,0
10003019,'1495219',2123,,2019,19,,,0
10003019,'1495317',823,,2020,19,,,0
10003019,'1495319',923,,2021,19,,,0
10003019,'1495321',1023,,2022,19,,,0
10003019,'1495323',1123,,2023,19,,,0
10003019,'1495325',1223,,2024,19,,,0
10003019,'1495327',1323,,2025,19,,,0
10003019,'1495329',1423,,2026,19,,,0
10003019,'1495331',1523,,2027,19,,,0
10003019,'1495333',1623,,2028,19,,,0
10003019,'1495335',1723,,2029,19,,,0
10003019,'1495337',1823,,2030,19,,,0
10003019,'1495339',1923,,2031,19,,,0
10003019,'1495341',2023,,2032,19,,,0
10003019,'1495343',2123,,2033,19,,,0
10003019,'1495451',723,,2034,19,,,0
10003019,'1495630',653,,2035,19,,,0
10003019,'1495632',753,,2036,19,,,0
10003019,'1495633',823,,2037,19,,,0
10003019,'1495634',853,,2038,19,,,0
10003019,'1495635',923,,2039,19,,,0
10003019,'1495636',953,,2040,19,,,0
10003019,'1495637',1023,,2041,19,,,0
10003019,'1495638',1053,,2042,19,,,0
10003019,'1495639',1123,,2043,19,,,0
10003019,'1495640',1153,,2044,19,,,0
10003019,'1495641',1223,,2045,19,,,0
10003019,'1495642',1253,,2046,19,,,0
10003019,'1495643',1323,,2047,19,,,0
10003019,'1495644',1353,,2048,19,,,0
10003019,'1495646',1453,,2049,19,,,0
10003019,'1495648',1553,,2050,19,,,0
10003019,'1495650',1653,,2051,19,,,0
10003019,'1495652',1753,,2052,19,,,0
10003019,'1495654',1853,,2053,19,,,0
10003019,'1495656',1953,,2054,19,,,0
10003019,'1495658',2053,,2055,19,,,0
10003019,'1495660',2153,,2056,19,,,0
