6029,'1495148',717,,1736,19,,,0
6029,'1495149',800,,1737,19,0,5,0
6029,'1495150',837,,1738,19,,,0
6029,'1495163',1520,,1745,19,0,5,0
6029,'1495164',1557,,1746,19,,,0
6029,'1495165',1640,,1747,19,0,5,0
6029,'1495166',1717,,1748,19,,,0
6029,'1495167',1800,,1749,19,0,5,0
6029,'1495168',1837,,1750,19,,,0
6029,'1495169',1920,,1751,19,0,5,0
6029,'1495170',1957,,1752,19,,,0
6029,'1495419',617,,1754,19,,,0
6029,'1495420',700,,1755,19,0,5,0
6029,'1495421',737,,1756,19,,,0
6029,'1495434',1420,,1763,19,0,5,0
6029,'1495435',1457,,1764,19,,,0
6029,'1495436',1540,,1765,19,0,5,0
6029,'1495437',1617,,1766,19,,,0
6029,'1495438',1700,,1767,19,0,5,0
6029,'1495439',1737,,1768,19,,,0
6029,'1495440',1820,,1769,19,0,5,0
6029,'1495441',1857,,1770,19,,,0
6029,'1495442',1940,,1771,19,0,5,0
6029,'1495796',517,,1775,19,,,0
6029,'1495797',600,,1776,19,0,5,0
6029,'1495798',637,,1777,19,,,0
6029,'1495799',720,,1778,19,0,5,0
6029,'1495800',757,,1779,19,,,0
6029,'1495801',840,,1780,19,0,5,0
6029,'1495814',1517,,1787,19,,,0
6029,'1495815',1600,,1788,19,0,5,0
6029,'1495816',1637,,1789,19,,,0
6029,'1495817',1720,,1790,19,0,5,0
6029,'1495818',1757,,1791,19,,,0
6029,'1495819',1840,,1792,19,0,5,0
6029,'1495820',1917,,1793,19,,,0
6029,'1495821',2000,,1794,19,0,5,0
6029,'1495828',520,,1798,19,0,5,0
6029,'1495829',557,,1799,19,,,0
6029,'1495830',640,,1800,19,0,5,0
6029,'1495831',717,,1801,19,,,0
6029,'1495832',800,,1802,19,0,5,0
6029,'1495833',837,,1803,19,,,0
6029,'1495846',1520,,1810,19,0,5,0
6029,'1495847',1557,,1811,19,,,0
6029,'1495848',1640,,1812,19,0,5,0
6029,'1495849',1717,,1813,19,,,0
6029,'1495850',1800,,1814,19,0,5,0
