4019,'1495085',736,,1604,16,,,0
4019,'1495088',856,,1605,16,,,0
4019,'1495091',1016,,1606,16,,,0
4019,'1495094',1136,,1607,16,,,0
4019,'1495097',1256,,1608,16,,,0
4019,'1495100',1416,,1609,16,,,0
4019,'1495103',1536,,1610,16,,,0
4019,'1495106',1656,,1611,16,,,0
4019,'1495109',1816,,1612,16,,,0
4019,'1495112',1936,,1613,16,,,0
4019,'1495115',2056,,1614,16,,,0
4019,'1495345',616,,1615,16,,,0
4019,'1495348',736,,1616,16,,,0
4019,'1495351',856,,1617,16,,,0
4019,'1495354',1016,,1618,16,,,0
4019,'1495357',1136,,1619,16,,,0
4019,'1495360',1256,,1620,16,,,0
4019,'1495363',1416,,1621,16,,,0
4019,'1495366',1536,,1622,16,,,0
4019,'1495369',1656,,1623,16,,,0
4019,'1495372',1816,,1624,16,,,0
4019,'1495375',1936,,1625,16,,,0
4019,'1495378',2056,,1626,16,,,0
4019,'1495381',2216,,1627,16,,,0
4019,'1495383',2256,,1628,16,,,0
4019,'1495685',556,,1629,16,,,0
4019,'1495687',636,,1630,16,,,0
4019,'1495689',716,,1631,16,,,0
4019,'1495691',756,,1632,16,,,0
4019,'1495693',836,,1633,16,,,0
4019,'1495695',916,,1634,16,,,0
4019,'1495697',956,,1635,16,,,0
4019,'1495699',1036,,1636,16,,,0
4019,'1495701',1116,,1637,16,,,0
4019,'1495703',1156,,1638,16,,,0
4019,'1495705',1236,,1639,16,,,0
4019,'1495707',1316,,1640,16,,,0
4019,'1495709',1356,,1641,16,,,0
4019,'1495711',1436,,1642,16,,,0
4019,'1495713',1516,,1643,16,,,0
4019,'1495715',1556,,1644,16,,,0
4019,'1495717',1636,,1645,16,,,0
4019,'1495719',1716,,1646,16,,,0
4019,'1495721',1756,,1647,16,,,0
4019,'1495723',1836,,1648,16,,,0
4019,'1495725',1916,,1649,16,,,0
4019,'1495727',1956,,1650,16,,,0
4019,'1495729',2036,,1651,16,,,0
4019,'1495731',2116,,1652,16,,,0
4019,'1495734',2236,,1653,16,,,0
140000019,'1495223',2311,,2230,47,,,0
140000019,'1495507',2411,,2231,47,,,0
140000019,'1495910',2411,,2232,47,,,0
