4019,'1495085',726,,1604,7,,,0
4019,'1495088',846,,1605,7,,,0
4019,'1495091',1006,,1606,7,,,0
4019,'1495094',1126,,1607,7,,,0
4019,'1495097',1246,,1608,7,,,0
4019,'1495100',1406,,1609,7,,,0
4019,'1495103',1526,,1610,7,,,0
4019,'1495106',1646,,1611,7,,,0
4019,'1495109',1806,,1612,7,,,0
4019,'1495112',1926,,1613,7,,,0
4019,'1495115',2046,,1614,7,,,0
4019,'1495345',606,,1615,7,,,0
4019,'1495348',726,,1616,7,,,0
4019,'1495351',846,,1617,7,,,0
4019,'1495354',1006,,1618,7,,,0
4019,'1495357',1126,,1619,7,,,0
4019,'1495360',1246,,1620,7,,,0
4019,'1495363',1406,,1621,7,,,0
4019,'1495366',1526,,1622,7,,,0
4019,'1495369',1646,,1623,7,,,0
4019,'1495372',1806,,1624,7,,,0
4019,'1495375',1926,,1625,7,,,0
4019,'1495378',2046,,1626,7,,,0
4019,'1495381',2206,,1627,7,,,0
4019,'1495383',2246,,1628,7,,,0
4019,'1495685',546,,1629,7,,,0
4019,'1495687',626,,1630,7,,,0
4019,'1495689',706,,1631,7,,,0
4019,'1495691',746,,1632,7,,,0
4019,'1495693',826,,1633,7,,,0
4019,'1495695',906,,1634,7,,,0
4019,'1495697',946,,1635,7,,,0
4019,'1495699',1026,,1636,7,,,0
4019,'1495701',1106,,1637,7,,,0
4019,'1495703',1146,,1638,7,,,0
4019,'1495705',1226,,1639,7,,,0
4019,'1495707',1306,,1640,7,,,0
4019,'1495709',1346,,1641,7,,,0
4019,'1495711',1426,,1642,7,,,0
4019,'1495713',1506,,1643,7,,,0
4019,'1495715',1546,,1644,7,,,0
4019,'1495717',1626,,1645,7,,,0
4019,'1495719',1706,,1646,7,,,0
4019,'1495721',1746,,1647,7,,,0
4019,'1495723',1826,,1648,7,,,0
4019,'1495725',1906,,1649,7,,,0
4019,'1495727',1946,,1650,7,,,0
4019,'1495729',2026,,1651,7,,,0
4019,'1495731',2106,,1652,7,,,0
4019,'1495734',2226,,1653,7,,,0
140000019,'1495223',2302,,2230,38,,,0
140000019,'1495507',2402,,2231,38,,,0
140000019,'1495910',2402,,2232,38,,,0
