6029,'1495148',723,,1736,24,,,0
6029,'1495150',843,,1738,24,,,0
6029,'1495152',943,,1739,17,,,0
6029,'1495154',1043,,1740,17,,,0
6029,'1495156',1143,,1741,17,,,0
6029,'1495158',1243,,1742,17,,,0
6029,'1495160',1343,,1743,17,,,0
6029,'1495162',1443,,1744,17,,,0
6029,'1495164',1603,,1746,24,,,0
6029,'1495166',1723,,1748,24,,,0
6029,'1495168',1843,,1750,24,,,0
6029,'1495170',2003,,1752,24,,,0
6029,'1495172',2113,,1753,17,,,0
6029,'1495419',623,,1754,24,,,0
6029,'1495421',743,,1756,24,,,0
6029,'1495423',843,,1757,17,,,0
6029,'1495425',943,,1758,17,,,0
6029,'1495427',1043,,1759,17,,,0
6029,'1495429',1143,,1760,17,,,0
6029,'1495431',1243,,1761,17,,,0
6029,'1495433',1343,,1762,17,,,0
6029,'1495435',1503,,1764,24,,,0
6029,'1495437',1623,,1766,24,,,0
6029,'1495439',1743,,1768,24,,,0
6029,'1495441',1903,,1770,24,,,0
6029,'1495443',2013,,1772,17,,,0
6029,'1495445',2113,,1773,17,,,0
6029,'1495447',2213,,1774,17,,,0
6029,'1495796',523,,1775,24,,,0
6029,'1495798',643,,1777,24,,,0
6029,'1495800',803,,1779,24,,,0
6029,'1495802',913,,1781,17,,,0
6029,'1495804',1013,,1782,17,,,0
6029,'1495806',1113,,1783,17,,,0
6029,'1495808',1213,,1784,17,,,0
6029,'1495810',1313,,1785,17,,,0
6029,'1495812',1413,,1786,17,,,0
6029,'1495814',1523,,1787,24,,,0
6029,'1495816',1643,,1789,24,,,0
6029,'1495818',1803,,1791,24,,,0
6029,'1495820',1923,,1793,24,,,0
6029,'1495822',2043,,1795,17,,,0
6029,'1495824',2143,,1796,17,,,0
6029,'1495826',2243,,1797,17,,,0
6029,'1495829',603,,1799,24,,,0
6029,'1495831',723,,1801,24,,,0
6029,'1495833',843,,1803,24,,,0
6029,'1495835',943,,1804,17,,,0
6029,'1495837',1043,,1805,17,,,0
6029,'1495839',1143,,1806,17,,,0
6029,'1495841',1243,,1807,17,,,0
6029,'1495843',1343,,1808,17,,,0
6029,'1495845',1443,,1809,17,,,0
6029,'1495847',1603,,1811,24,,,0
6029,'1495849',1723,,1813,24,,,0
