6019,'1495151',910,,1704,8,,,0
6019,'1495153',1010,,1705,8,,,0
6019,'1495155',1110,,1706,8,,,0
6019,'1495157',1210,,1707,8,,,0
6019,'1495159',1310,,1708,8,,,0
6019,'1495161',1410,,1709,8,,,0
6019,'1495171',2040,,1710,8,,,0
6019,'1495173',2140,,1711,8,,,0
6019,'1495422',810,,1712,8,,,0
6019,'1495424',910,,1713,8,,,0
6019,'1495426',1010,,1714,8,,,0
6019,'1495428',1110,,1715,8,,,0
6019,'1495430',1210,,1716,8,,,0
6019,'1495432',1310,,1717,8,,,0
6019,'1495444',2040,,1718,8,,,0
6019,'1495446',2140,,1719,8,,,0
6019,'1495448',2240,,1720,8,,,0
6019,'1495803',940,,1721,8,,,0
6019,'1495805',1040,,1722,8,,,0
6019,'1495807',1140,,1723,8,,,0
6019,'1495809',1240,,1724,8,,,0
6019,'1495811',1340,,1725,8,,,0
6019,'1495813',1440,,1726,8,,,0
6019,'1495823',2110,,1727,8,,,0
6019,'1495825',2210,,1728,8,,,0
6019,'1495827',2310,,1729,8,,,0
6019,'1495834',910,,1730,8,,,0
6019,'1495836',1010,,1731,8,,,0
6019,'1495838',1110,,1732,8,,,0
6019,'1495840',1210,,1733,8,,,0
6019,'1495842',1310,,1734,8,,,0
6019,'1495844',1410,,1735,8,,,0
6029,'1495149',750,,1737,8,0,5,0
6029,'1495163',1510,,1745,8,0,5,0
6029,'1495165',1630,,1747,8,0,5,0
6029,'1495167',1750,,1749,8,0,5,0
6029,'1495169',1910,,1751,8,0,5,0
6029,'1495420',650,,1755,8,0,5,0
6029,'1495434',1410,,1763,8,0,5,0
6029,'1495436',1530,,1765,8,0,5,0
6029,'1495438',1650,,1767,8,0,5,0
6029,'1495440',1810,,1769,8,0,5,0
6029,'1495442',1930,,1771,8,0,5,0
6029,'1495797',550,,1776,8,0,5,0
6029,'1495799',710,,1778,8,0,5,0
6029,'1495801',830,,1780,8,0,5,0
6029,'1495815',1550,,1788,8,0,5,0
6029,'1495817',1710,,1790,8,0,5,0
6029,'1495819',1830,,1792,8,0,5,0
6029,'1495821',1950,,1794,8,0,5,0
6029,'1495828',510,,1798,8,0,5,0
6029,'1495830',630,,1800,8,0,5,0
6029,'1495832',750,,1802,8,0,5,0
6029,'1495846',1510,,1810,8,0,5,0
6029,'1495848',1630,,1812,8,0,5,0
6029,'1495850',1750,,1814,8,0,5,0
140000019,'1495223',2238,,2230,8,,,0
140000019,'1495507',2338,,2231,8,,,0
140000019,'1495910',2338,,2232,8,,,0
