30005019,'1495118',725,,2168,24,,,0
30005019,'1495120',825,,2169,24,,,0
30005019,'1495122',925,,2170,24,,,0
30005019,'1495124',1025,,2171,24,,,0
30005019,'1495126',1125,,2172,24,,,0
30005019,'1495128',1225,,2173,24,,,0
30005019,'1495130',1325,,2174,24,,,0
30005019,'1495132',1425,,2175,24,,,0
30005019,'1495134',1525,,2176,24,,,0
30005019,'1495136',1625,,2177,24,,,0
30005019,'1495138',1725,,2178,24,,,0
30005019,'1495140',1825,,2179,24,,,0
30005019,'1495142',1925,,2180,24,,,0
30005019,'1495144',2025,,2181,24,,,0
30005019,'1495146',2125,,2182,24,,,0
30005019,'1495385',625,,2183,24,,,0
30005019,'1495387',725,,2184,24,,,0
30005019,'1495389',825,,2185,24,,,0
30005019,'1495391',925,,2186,24,,,0
30005019,'1495393',1025,,2187,24,,,0
30005019,'1495395',1125,,2188,24,,,0
30005019,'1495397',1225,,2189,24,,,0
30005019,'1495399',1325,,2190,24,,,0
30005019,'1495401',1425,,2191,24,,,0
30005019,'1495403',1525,,2192,24,,,0
30005019,'1495405',1625,,2193,24,,,0
30005019,'1495407',1725,,2194,24,,,0
30005019,'1495409',1825,,2195,24,,,0
30005019,'1495411',1925,,2196,24,,,0
30005019,'1495413',2025,,2197,24,,,0
30005019,'1495415',2125,,2198,24,,,0
30005019,'1495417',2225,,2199,24,,,0
30005019,'1495760',1925,,2200,24,,,0
30005019,'1495762',2025,,2201,24,,,0
30005019,'1495764',2125,,2202,24,,,0
30005019,'1495766',2225,,2203,24,,,0
30005019,'1495768',525,,2204,24,,,0
30005019,'1495770',625,,2205,24,,,0
30005019,'1495772',725,,2206,24,,,0
30005019,'1495773',755,,2207,24,,,0
30005019,'1495774',825,,2208,24,,,0
30005019,'1495775',855,,2209,24,,,0
30005019,'1495776',925,,2210,24,,,0
30005019,'1495777',955,,2211,24,,,0
30005019,'1495778',1025,,2212,24,,,0
30005019,'1495779',1055,,2213,24,,,0
30005019,'1495780',1125,,2214,24,,,0
30005019,'1495781',1155,,2215,24,,,0
30005019,'1495782',1225,,2216,24,,,0
30005019,'1495783',1255,,2217,24,,,0
30005019,'1495784',1325,,2218,24,,,0
30005019,'1495785',1355,,2219,24,,,0
30005019,'1495786',1425,,2220,24,,,0
30005019,'1495787',1455,,2221,24,,,0
30005019,'1495788',1525,,2222,24,,,0
30005019,'1495789',1555,,2223,24,,,0
30005019,'1495790',1625,,2224,24,,,0
30005019,'1495791',1655,,2225,24,,,0
30005019,'1495792',1725,,2226,24,,,0
30005019,'1495793',1755,,2227,24,,,0
30005019,'1495794',1825,,2228,24,,,0
30005019,'1495795',1855,,2229,24,,,0
