1029,'1494979',1025,,1352,9,,,0
1029,'1494981',1055,,1353,9,,,0
1029,'1494983',1134,,1354,9,,,0
1029,'1494985',1214,,1355,9,,,0
1029,'1494987',1254,,1356,9,,,0
1029,'1494989',1334,,1357,9,,,0
1029,'1494991',1414,,1358,9,,,0
1029,'1494993',1454,,1359,9,,,0
1029,'1494995',1534,,1360,9,,,0
1029,'1494997',1614,,1361,9,,,0
1029,'1494999',1654,,1362,9,,,0
1029,'1495001',1725,,1363,9,,,0
1029,'1495003',1755,,1364,9,,,0
1029,'1495005',1825,,1365,9,,,0
1029,'1495047',1855,,1366,9,,,0
1029,'1495051',1955,,1367,9,,,0
1029,'1495055',2055,,1368,9,,,0
1029,'1495059',2155,,1369,9,,,0
1029,'1495177',755,,1370,9,,,0
1029,'1495181',855,,1371,9,,,0
1029,'1495185',955,,1372,9,,,0
1029,'1495225',625,,1373,9,,,0
1029,'1495229',725,,1374,9,,,0
1029,'1495285',925,,1375,9,,,0
1029,'1495287',955,,1376,9,,,0
1029,'1495289',1025,,1377,9,,,0
1029,'1495291',1055,,1378,9,,,0
1029,'1495293',1134,,1379,9,,,0
1029,'1495295',1214,,1380,9,,,0
1029,'1495297',1254,,1381,9,,,0
1029,'1495299',1334,,1382,9,,,0
1029,'1495301',1414,,1383,9,,,0
1029,'1495303',1454,,1384,9,,,0
1029,'1495305',1534,,1385,9,,,0
1029,'1495307',1614,,1386,9,,,0
1029,'1495309',1654,,1387,9,,,0
1029,'1495311',1734,,1388,9,,,0
1029,'1495313',1814,,1389,9,,,0
1029,'1495315',1854,,1390,9,,,0
1029,'1495455',825,,1391,9,,,0
1029,'1495491',1925,,1392,9,,,0
1029,'1495495',2025,,1393,9,,,0
1029,'1495499',2125,,1394,9,,,0
1029,'1495503',2225,,1395,9,,,0
1029,'1495509',625,,1396,9,,,0
1029,'1495511',655,,1397,9,,,0
1029,'1495513',725,,1398,9,,,0
1029,'1495515',755,,1399,9,,,0
1029,'1495517',825,,1400,9,,,0
1029,'1495519',855,,1401,9,,,0
1029,'1495521',925,,1402,9,,,0
1029,'1495523',955,,1403,9,,,0
1029,'1495525',1025,,1404,9,,,0
1029,'1495527',1055,,1405,9,,,0
1029,'1495529',1134,,1406,9,,,0
1029,'1495531',1214,,1407,9,,,0
1029,'1495533',1254,,1408,9,,,0
1029,'1495535',1334,,1409,9,,,0
1029,'1495537',1414,,1410,9,,,0
1029,'1495539',1454,,1411,9,,,0
1029,'1495541',1534,,1412,9,,,0
1029,'1495543',1614,,1413,9,,,0
1029,'1495545',1654,,1414,9,,,0
1029,'1495547',1734,,1415,9,,,0
1029,'1495549',1814,,1416,9,,,0
1029,'1495551',1854,,1417,9,,,0
1029,'1495553',1925,,1418,9,,,0
1029,'1495555',1955,,1419,9,,,0
1029,'1495557',2025,,1420,9,,,0
1029,'1495559',2055,,1421,9,,,0
1029,'1495561',2125,,1422,9,,,0
1029,'1495563',2155,,1423,9,,,0
1029,'1495565',2225,,1424,9,,,0
1029,'1495569',2325,,1425,9,,,0
7019,'1495175',726,,1815,10,,,0
7019,'1495179',826,,1816,10,,,0
7019,'1495183',926,,1817,10,,,0
7019,'1495187',1036,,1818,10,,,0
7019,'1495189',1116,,1819,10,,,0
7019,'1495192',1236,,1820,10,,,0
7019,'1495194',1316,,1821,10,,,0
7019,'1495196',1356,,1822,10,,,0
7019,'1495198',1436,,1823,10,,,0
7019,'1495200',1516,,1824,10,,,0
7019,'1495202',1556,,1825,10,,,0
7019,'1495204',1636,,1826,10,,,0
7019,'1495206',1716,,1827,10,,,0
7019,'1495208',1756,,1828,10,,,0
7019,'1495210',1826,,1829,10,,,0
7019,'1495212',1856,,1830,10,,,0
7019,'1495215',1956,,1831,10,,,0
7019,'1495218',2056,,1832,10,,,0
7019,'1495221',2156,,1833,10,,,0
7019,'1495450',656,,1834,10,,,0
7019,'1495453',756,,1835,10,,,0
7019,'1495457',856,,1836,10,,,0
7019,'1495459',926,,1837,10,,,0
7019,'1495461',956,,1838,10,,,0
7019,'1495463',1036,,1839,10,,,0
7019,'1495465',1116,,1840,10,,,0
7019,'1495467',1156,,1841,10,,,0
7019,'1495469',1236,,1842,10,,,0
7019,'1495471',1316,,1843,10,,,0
7019,'1495473',1356,,1844,10,,,0
7019,'1495475',1436,,1845,10,,,0
7019,'1495477',1516,,1846,10,,,0
7019,'1495479',1556,,1847,10,,,0
7019,'1495481',1636,,1848,10,,,0
7019,'1495483',1716,,1849,10,,,0
7019,'1495485',1756,,1850,10,,,0
7019,'1495487',1826,,1851,10,,,0
7019,'1495489',1856,,1852,10,,,0
7019,'1495493',1956,,1853,10,,,0
7019,'1495497',2056,,1854,10,,,0
7019,'1495501',2156,,1855,10,,,0
7019,'1495505',2256,,1856,10,,,0
7019,'1495852',626,,1857,10,,,0
7019,'1495854',656,,1858,10,,,0
7019,'1495856',726,,1859,10,,,0
7019,'1495858',756,,1860,10,,,0
7019,'1495860',826,,1861,10,,,0
7019,'1495862',856,,1862,10,,,0
7019,'1495864',936,,1863,10,,,0
7019,'1495866',1016,,1864,10,,,0
7019,'1495868',1056,,1865,10,,,0
7019,'1495870',1136,,1866,10,,,0
7019,'1495872',1216,,1867,10,,,0
7019,'1495874',1256,,1868,10,,,0
7019,'1495876',1336,,1869,10,,,0
7019,'1495878',1416,,1870,10,,,0
7019,'1495880',1456,,1871,10,,,0
7019,'1495882',1536,,1872,10,,,0
7019,'1495884',1616,,1873,10,,,0
7019,'1495886',1656,,1874,10,,,0
7019,'1495888',1736,,1875,10,,,0
7019,'1495890',1816,,1876,10,,,0
7019,'1495892',1856,,1877,10,,,0
7019,'1495894',1926,,1878,10,,,0
7019,'1495896',1956,,1879,10,,,0
7019,'1495898',2026,,1880,10,,,0
7019,'1495900',2056,,1881,10,,,0
7019,'1495902',2126,,1882,10,,,0
7019,'1495904',2156,,1883,10,,,0
7019,'1495906',2226,,1884,10,,,0
7019,'1495908',2256,,1885,10,,,0
30003019,'1495062',755,,2119,21,,,0
30003019,'1495064',855,,2120,21,,,0
30003019,'1495066',955,,2121,21,,,0
30003019,'1495068',1055,,2122,21,,,0
30003019,'1495070',1155,,2123,21,,,0
30003019,'1495072',1255,,2124,21,,,0
30003019,'1495074',1355,,2125,21,,,0
30003019,'1495076',1455,,2126,21,,,0
30003019,'1495078',1555,,2127,21,,,0
30003019,'1495080',1655,,2128,21,,,0
30003019,'1495082',1755,,2129,21,,,0
30003019,'1495084',1855,,2130,21,,,0
30003019,'1495216',2025,,2131,21,,,0
30003019,'1495316',755,,2132,21,,,0
30003019,'1495318',855,,2133,21,,,0
30003019,'1495320',955,,2134,21,,,0
30003019,'1495322',1055,,2135,21,,,0
30003019,'1495324',1155,,2136,21,,,0
30003019,'1495326',1255,,2137,21,,,0
30003019,'1495328',1355,,2138,21,,,0
30003019,'1495330',1455,,2139,21,,,0
30003019,'1495332',1555,,2140,21,,,0
30003019,'1495334',1655,,2141,21,,,0
30003019,'1495336',1755,,2142,21,,,0
30003019,'1495338',1855,,2143,21,,,0
30003019,'1495340',1955,,2144,21,,,0
30003019,'1495342',2055,,2145,21,,,0
30003019,'1495344',2155,,2146,21,,,0
30003019,'1495631',725,,2147,21,,,0
30003019,'1495645',1425,,2148,21,,,0
30003019,'1495647',1525,,2149,21,,,0
30003019,'1495649',1625,,2150,21,,,0
30003019,'1495651',1725,,2151,21,,,0
30003019,'1495653',1825,,2152,21,,,0
30003019,'1495655',1925,,2153,21,,,0
30003019,'1495657',2025,,2154,21,,,0
30003019,'1495659',2125,,2155,21,,,0
30003019,'1495661',2225,,2156,21,,,0
30003019,'1495662',840,,2157,21,,,0
30003019,'1495663',910,,2158,21,,,0
30003019,'1495664',940,,2159,21,,,0
30003019,'1495665',1010,,2160,21,,,0
30003019,'1495666',1040,,2161,21,,,0
30003019,'1495667',1110,,2162,21,,,0
30003019,'1495668',1140,,2163,21,,,0
30003019,'1495669',1210,,2164,21,,,0
30003019,'1495670',1240,,2165,21,,,0
30003019,'1495671',1310,,2166,21,,,0
30003019,'1495672',1340,,2167,21,,,0
