10005019,'1495119',737,,2057,8,,,0
10005019,'1495121',837,,2058,8,,,0
10005019,'1495123',937,,2059,8,,,0
10005019,'1495125',1037,,2060,8,,,0
10005019,'1495127',1137,,2061,8,,,0
10005019,'1495129',1237,,2062,8,,,0
10005019,'1495131',1337,,2063,8,,,0
10005019,'1495133',1437,,2064,8,,,0
10005019,'1495135',1537,,2065,8,,,0
10005019,'1495137',1637,,2066,8,,,0
10005019,'1495139',1737,,2067,8,,,0
10005019,'1495141',1837,,2068,8,,,0
10005019,'1495143',1937,,2069,8,,,0
10005019,'1495145',2037,,2070,8,,,0
10005019,'1495147',2137,,2071,8,,,0
10005019,'1495386',637,,2072,8,,,0
10005019,'1495388',737,,2073,8,,,0
10005019,'1495390',837,,2074,8,,,0
10005019,'1495392',937,,2075,8,,,0
10005019,'1495394',1037,,2076,8,,,0
10005019,'1495396',1137,,2077,8,,,0
10005019,'1495398',1237,,2078,8,,,0
10005019,'1495400',1337,,2079,8,,,0
10005019,'1495402',1437,,2080,8,,,0
10005019,'1495404',1537,,2081,8,,,0
10005019,'1495406',1637,,2082,8,,,0
10005019,'1495408',1737,,2083,8,,,0
10005019,'1495410',1837,,2084,8,,,0
10005019,'1495412',1937,,2085,8,,,0
10005019,'1495414',2037,,2086,8,,,0
10005019,'1495416',2137,,2087,8,,,0
10005019,'1495418',2237,,2088,8,,,0
10005019,'1495736',707,,2089,8,,,0
10005019,'1495737',737,,2090,8,,,0
10005019,'1495738',807,,2091,8,,,0
10005019,'1495739',837,,2092,8,,,0
10005019,'1495740',907,,2093,8,,,0
10005019,'1495741',937,,2094,8,,,0
10005019,'1495742',1007,,2095,8,,,0
10005019,'1495743',1037,,2096,8,,,0
10005019,'1495744',1107,,2097,8,,,0
10005019,'1495745',1137,,2098,8,,,0
10005019,'1495746',1207,,2099,8,,,0
10005019,'1495747',1237,,2100,8,,,0
10005019,'1495748',1307,,2101,8,,,0
10005019,'1495749',1337,,2102,8,,,0
10005019,'1495750',1407,,2103,8,,,0
10005019,'1495751',1437,,2104,8,,,0
10005019,'1495752',1507,,2105,8,,,0
10005019,'1495753',1537,,2106,8,,,0
10005019,'1495754',1607,,2107,8,,,0
10005019,'1495755',1637,,2108,8,,,0
10005019,'1495756',1707,,2109,8,,,0
10005019,'1495757',1737,,2110,8,,,0
10005019,'1495758',1807,,2111,8,,,0
10005019,'1495759',1837,,2112,8,,,0
10005019,'1495761',1937,,2113,8,,,0
10005019,'1495763',2037,,2114,8,,,0
10005019,'1495765',2137,,2115,8,,,0
10005019,'1495767',2237,,2116,8,,,0
10005019,'1495769',537,,2117,8,,,0
10005019,'1495771',637,,2118,8,,,0
