6019,'1495151',919,,1704,19,,,0
6019,'1495153',1019,,1705,19,,,0
6019,'1495155',1119,,1706,19,,,0
6019,'1495157',1219,,1707,19,,,0
6019,'1495159',1319,,1708,19,,,0
6019,'1495161',1419,,1709,19,,,0
6019,'1495171',2049,,1710,19,,,0
6019,'1495173',2149,,1711,19,,,0
6019,'1495422',819,,1712,19,,,0
6019,'1495424',919,,1713,19,,,0
6019,'1495426',1019,,1714,19,,,0
6019,'1495428',1119,,1715,19,,,0
6019,'1495430',1219,,1716,19,,,0
6019,'1495432',1319,,1717,19,,,0
6019,'1495444',2049,,1718,19,,,0
6019,'1495446',2149,,1719,19,,,0
6019,'1495448',2249,,1720,19,,,0
6019,'1495803',949,,1721,19,,,0
6019,'1495805',1049,,1722,19,,,0
6019,'1495807',1149,,1723,19,,,0
6019,'1495809',1249,,1724,19,,,0
6019,'1495811',1349,,1725,19,,,0
6019,'1495813',1449,,1726,19,,,0
6019,'1495823',2119,,1727,19,,,0
6019,'1495825',2219,,1728,19,,,0
6019,'1495827',2319,,1729,19,,,0
6019,'1495834',919,,1730,19,,,0
6019,'1495836',1019,,1731,19,,,0
6019,'1495838',1119,,1732,19,,,0
6019,'1495840',1219,,1733,19,,,0
6019,'1495842',1319,,1734,19,,,0
6019,'1495844',1419,,1735,19,,,0
6029,'1495149',809,,1737,26,0,5,0
6029,'1495163',1529,,1745,26,0,5,0
6029,'1495165',1649,,1747,26,0,5,0
6029,'1495167',1809,,1749,26,0,5,0
6029,'1495169',1929,,1751,26,0,5,0
6029,'1495420',709,,1755,26,0,5,0
6029,'1495434',1429,,1763,26,0,5,0
6029,'1495436',1549,,1765,26,0,5,0
6029,'1495438',1709,,1767,26,0,5,0
6029,'1495440',1829,,1769,26,0,5,0
6029,'1495442',1949,,1771,26,0,5,0
6029,'1495797',609,,1776,26,0,5,0
6029,'1495799',729,,1778,26,0,5,0
6029,'1495801',849,,1780,26,0,5,0
6029,'1495815',1609,,1788,26,0,5,0
6029,'1495817',1729,,1790,26,0,5,0
6029,'1495819',1849,,1792,26,0,5,0
6029,'1495821',2009,,1794,26,0,5,0
6029,'1495828',529,,1798,26,0,5,0
6029,'1495830',649,,1800,26,0,5,0
6029,'1495832',809,,1802,26,0,5,0
6029,'1495846',1529,,1810,26,0,5,0
6029,'1495848',1649,,1812,26,0,5,0
6029,'1495850',1809,,1814,26,0,5,0
140000019,'1495223',2246,,2230,19,,,0
140000019,'1495507',2346,,2231,19,,,0
140000019,'1495910',2346,,2232,19,,,0
