2019,'1495006',700,,1426,1,,,0
2019,'1495008',730,,1427,1,,,0
2019,'1495010',800,,1428,1,,,0
2019,'1495012',830,,1429,1,,,0
2019,'1495014',900,,1430,1,,,0
2019,'1495016',930,,1431,1,,,0
2019,'1495018',1000,,1432,1,,,0
2019,'1495020',1030,,1433,1,,,0
2019,'1495022',1100,,1434,1,,,0
2019,'1495024',1140,,1435,1,,,0
2019,'1495026',1220,,1436,1,,,0
2019,'1495028',1300,,1437,1,,,0
2019,'1495030',1340,,1438,1,,,0
2019,'1495032',1420,,1439,1,,,0
2019,'1495034',1500,,1440,1,,,0
2019,'1495036',1540,,1441,1,,,0
2019,'1495038',1620,,1442,1,,,0
2019,'1495040',1700,,1443,1,,,0
2019,'1495042',1730,,1444,1,,,0
2019,'1495044',1800,,1445,1,,,0
2019,'1495048',1900,,1446,1,,,0
2019,'1495052',2000,,1447,1,,,0
2019,'1495056',2100,,1448,1,,,0
2019,'1495060',2200,,1449,1,,,0
2019,'1495226',630,,1450,1,,,0
2019,'1495230',730,,1451,1,,,0
2019,'1495232',800,,1452,1,,,0
2019,'1495234',830,,1453,1,,,0
2019,'1495236',900,,1454,1,,,0
2019,'1495238',930,,1455,1,,,0
2019,'1495240',1000,,1456,1,,,0
2019,'1495242',1030,,1457,1,,,0
2019,'1495244',1100,,1458,1,,,0
2019,'1495246',1140,,1459,1,,,0
2019,'1495248',1220,,1460,1,,,0
2019,'1495250',1300,,1461,1,,,0
2019,'1495252',1340,,1462,1,,,0
2019,'1495254',1420,,1463,1,,,0
2019,'1495256',1500,,1464,1,,,0
2019,'1495258',1540,,1465,1,,,0
2019,'1495260',1620,,1466,1,,,0
2019,'1495262',1700,,1467,1,,,0
2019,'1495264',1740,,1468,1,,,0
2019,'1495266',1820,,1469,1,,,0
2019,'1495268',1900,,1470,1,,,0
2019,'1495270',1930,,1471,1,,,0
2019,'1495272',2000,,1472,1,,,0
2019,'1495274',2030,,1473,1,,,0
2019,'1495276',2100,,1474,1,,,0
2019,'1495278',2130,,1475,1,,,0
2019,'1495280',2200,,1476,1,,,0
2019,'1495282',2230,,1477,1,,,0
2019,'1495566',2230,,1478,1,,,0
2019,'1495570',500,,1479,1,,,0
2019,'1495572',530,,1480,1,,,0
2019,'1495574',600,,1481,1,,,0
2019,'1495576',630,,1482,1,,,0
2019,'1495578',700,,1483,1,,,0
2019,'1495580',730,,1484,1,,,0
2019,'1495582',800,,1485,1,,,0
2019,'1495584',830,,1486,1,,,0
2019,'1495586',900,,1487,1,,,0
2019,'1495588',930,,1488,1,,,0
2019,'1495590',1000,,1489,1,,,0
2019,'1495592',1030,,1490,1,,,0
2019,'1495594',1100,,1491,1,,,0
2019,'1495596',1140,,1492,1,,,0
2019,'1495598',1220,,1493,1,,,0
2019,'1495600',1300,,1494,1,,,0
2019,'1495602',1340,,1495,1,,,0
2019,'1495604',1420,,1496,1,,,0
2019,'1495606',1500,,1497,1,,,0
2019,'1495608',1540,,1498,1,,,0
2019,'1495610',1620,,1499,1,,,0
2019,'1495612',1700,,1500,1,,,0
2019,'1495614',1740,,1501,1,,,0
2019,'1495616',1820,,1502,1,,,0
2019,'1495618',1900,,1503,1,,,0
2019,'1495620',1930,,1504,1,,,0
2019,'1495622',2000,,1505,1,,,0
2019,'1495624',2030,,1506,1,,,0
2019,'1495626',2100,,1507,1,,,0
2019,'1495628',2130,,1508,1,,,0
2019,'1495673',1400,,1509,1,,,0
2019,'1495675',1440,,1510,1,,,0
2019,'1495677',1520,,1511,1,,,0
2019,'1495679',1600,,1512,1,,,0
2019,'1495681',1640,,1513,1,,,0
2019,'1495683',1720,,1514,1,,,0
2029,'1495007',728,,1515,15,4,,0
2029,'1495009',758,,1516,15,4,,0
2029,'1495011',828,,1517,15,4,,0
2029,'1495013',858,,1518,15,4,,0
2029,'1495015',928,,1519,15,4,,0
2029,'1495017',958,,1520,15,4,,0
2029,'1495019',1028,,1521,15,4,,0
2029,'1495021',1058,,1522,15,4,,0
2029,'1495023',1138,,1523,15,4,,0
2029,'1495025',1218,,1524,15,4,,0
2029,'1495027',1258,,1525,15,4,,0
2029,'1495029',1338,,1526,15,4,,0
2029,'1495031',1418,,1527,15,4,,0
2029,'1495033',1458,,1528,15,4,,0
2029,'1495035',1538,,1529,15,4,,0
2029,'1495037',1618,,1530,15,4,,0
2029,'1495039',1658,,1531,15,4,,0
2029,'1495041',1728,,1532,15,4,,0
2029,'1495043',1758,,1533,15,4,,0
2029,'1495045',1828,,1534,15,4,,0
2029,'1495049',1928,,1535,15,4,,0
2029,'1495053',2028,,1536,15,4,,0
2029,'1495057',2128,,1537,15,4,,0
2029,'1495061',2228,,1538,15,4,,0
2029,'1495227',658,,1539,15,4,,0
2029,'1495231',758,,1540,15,4,,0
2029,'1495233',828,,1541,15,4,,0
2029,'1495235',858,,1542,15,4,,0
2029,'1495237',928,,1543,15,4,,0
2029,'1495239',958,,1544,15,4,,0
2029,'1495241',1028,,1545,15,4,,0
2029,'1495243',1058,,1546,15,4,,0
2029,'1495245',1138,,1547,15,4,,0
2029,'1495247',1218,,1548,15,4,,0
2029,'1495249',1258,,1549,15,4,,0
2029,'1495251',1338,,1550,15,4,,0
2029,'1495253',1418,,1551,15,4,,0
2029,'1495255',1458,,1552,15,4,,0
2029,'1495257',1538,,1553,15,4,,0
2029,'1495259',1618,,1554,15,4,,0
2029,'1495261',1658,,1555,15,4,,0
2029,'1495263',1738,,1556,15,4,,0
2029,'1495265',1818,,1557,15,4,,0
2029,'1495267',1858,,1558,15,4,,0
2029,'1495269',1928,,1559,15,4,,0
2029,'1495271',1958,,1560,15,4,,0
2029,'1495273',2028,,1561,15,4,,0
2029,'1495275',2058,,1562,15,4,,0
2029,'1495277',2128,,1563,15,4,,0
2029,'1495279',2158,,1564,15,4,,0
2029,'1495281',2228,,1565,15,4,,0
2029,'1495283',2258,,1566,15,4,,0
2029,'1495567',2258,,1567,15,4,,0
2029,'1495571',528,,1568,15,4,,0
2029,'1495573',558,,1569,15,4,,0
2029,'1495575',628,,1570,15,4,,0
2029,'1495577',658,,1571,15,4,,0
2029,'1495579',728,,1572,15,4,,0
2029,'1495581',758,,1573,15,4,,0
2029,'1495583',828,,1574,15,4,,0
2029,'1495585',858,,1575,15,4,,0
2029,'1495587',928,,1576,15,4,,0
2029,'1495589',958,,1577,15,4,,0
2029,'1495591',1028,,1578,15,4,,0
2029,'1495593',1058,,1579,15,4,,0
2029,'1495595',1138,,1580,15,4,,0
2029,'1495597',1218,,1581,15,4,,0
2029,'1495599',1258,,1582,15,4,,0
2029,'1495601',1338,,1583,15,4,,0
2029,'1495603',1418,,1584,15,4,,0
2029,'1495605',1458,,1585,15,4,,0
2029,'1495607',1538,,1586,15,4,,0
2029,'1495609',1618,,1587,15,4,,0
2029,'1495611',1658,,1588,15,4,,0
2029,'1495613',1738,,1589,15,4,,0
2029,'1495615',1818,,1590,15,4,,0
2029,'1495617',1858,,1591,15,4,,0
2029,'1495619',1928,,1592,15,4,,0
2029,'1495621',1958,,1593,15,4,,0
2029,'1495623',2028,,1594,15,4,,0
2029,'1495625',2058,,1595,15,4,,0
2029,'1495627',2128,,1596,15,4,,0
2029,'1495629',2158,,1597,15,4,,0
2029,'1495674',1438,,1598,15,4,,0
2029,'1495676',1518,,1599,15,4,,0
2029,'1495678',1558,,1600,15,4,,0
2029,'1495680',1638,,1601,15,4,,0
2029,'1495682',1718,,1602,15,4,,0
2029,'1495684',1758,,1603,15,4,,0
