10005019,'1495119',746,,2057,15,,,0
10005019,'1495121',846,,2058,15,,,0
10005019,'1495123',946,,2059,15,,,0
10005019,'1495125',1046,,2060,15,,,0
10005019,'1495127',1146,,2061,15,,,0
10005019,'1495129',1246,,2062,15,,,0
10005019,'1495131',1346,,2063,15,,,0
10005019,'1495133',1446,,2064,15,,,0
10005019,'1495135',1546,,2065,15,,,0
10005019,'1495137',1646,,2066,15,,,0
10005019,'1495139',1746,,2067,15,,,0
10005019,'1495141',1846,,2068,15,,,0
10005019,'1495143',1946,,2069,15,,,0
10005019,'1495145',2046,,2070,15,,,0
10005019,'1495147',2146,,2071,15,,,0
10005019,'1495386',646,,2072,15,,,0
10005019,'1495388',746,,2073,15,,,0
10005019,'1495390',846,,2074,15,,,0
10005019,'1495392',946,,2075,15,,,0
10005019,'1495394',1046,,2076,15,,,0
10005019,'1495396',1146,,2077,15,,,0
10005019,'1495398',1246,,2078,15,,,0
10005019,'1495400',1346,,2079,15,,,0
10005019,'1495402',1446,,2080,15,,,0
10005019,'1495404',1546,,2081,15,,,0
10005019,'1495406',1646,,2082,15,,,0
10005019,'1495408',1746,,2083,15,,,0
10005019,'1495410',1846,,2084,15,,,0
10005019,'1495412',1946,,2085,15,,,0
10005019,'1495414',2046,,2086,15,,,0
10005019,'1495416',2146,,2087,15,,,0
10005019,'1495418',2246,,2088,15,,,0
10005019,'1495736',716,,2089,15,,,0
10005019,'1495737',746,,2090,15,,,0
10005019,'1495738',816,,2091,15,,,0
10005019,'1495739',846,,2092,15,,,0
10005019,'1495740',916,,2093,15,,,0
10005019,'1495741',946,,2094,15,,,0
10005019,'1495742',1016,,2095,15,,,0
10005019,'1495743',1046,,2096,15,,,0
10005019,'1495744',1116,,2097,15,,,0
10005019,'1495745',1146,,2098,15,,,0
10005019,'1495746',1216,,2099,15,,,0
10005019,'1495747',1246,,2100,15,,,0
10005019,'1495748',1316,,2101,15,,,0
10005019,'1495749',1346,,2102,15,,,0
10005019,'1495750',1416,,2103,15,,,0
10005019,'1495751',1446,,2104,15,,,0
10005019,'1495752',1516,,2105,15,,,0
10005019,'1495753',1546,,2106,15,,,0
10005019,'1495754',1616,,2107,15,,,0
10005019,'1495755',1646,,2108,15,,,0
10005019,'1495756',1716,,2109,15,,,0
10005019,'1495757',1746,,2110,15,,,0
10005019,'1495758',1816,,2111,15,,,0
10005019,'1495759',1846,,2112,15,,,0
10005019,'1495761',1946,,2113,15,,,0
10005019,'1495763',2046,,2114,15,,,0
10005019,'1495765',2146,,2115,15,,,0
10005019,'1495767',2246,,2116,15,,,0
10005019,'1495769',546,,2117,15,,,0
10005019,'1495771',646,,2118,15,,,0
