6019,'1495151',912,,1704,10,,,0
6019,'1495153',1012,,1705,10,,,0
6019,'1495155',1112,,1706,10,,,0
6019,'1495157',1212,,1707,10,,,0
6019,'1495159',1312,,1708,10,,,0
6019,'1495161',1412,,1709,10,,,0
6019,'1495171',2042,,1710,10,,,0
6019,'1495173',2142,,1711,10,,,0
6019,'1495422',812,,1712,10,,,0
6019,'1495424',912,,1713,10,,,0
6019,'1495426',1012,,1714,10,,,0
6019,'1495428',1112,,1715,10,,,0
6019,'1495430',1212,,1716,10,,,0
6019,'1495432',1312,,1717,10,,,0
6019,'1495444',2042,,1718,10,,,0
6019,'1495446',2142,,1719,10,,,0
6019,'1495448',2242,,1720,10,,,0
6019,'1495803',942,,1721,10,,,0
6019,'1495805',1042,,1722,10,,,0
6019,'1495807',1142,,1723,10,,,0
6019,'1495809',1242,,1724,10,,,0
6019,'1495811',1342,,1725,10,,,0
6019,'1495813',1442,,1726,10,,,0
6019,'1495823',2112,,1727,10,,,0
6019,'1495825',2212,,1728,10,,,0
6019,'1495827',2312,,1729,10,,,0
6019,'1495834',912,,1730,10,,,0
6019,'1495836',1012,,1731,10,,,0
6019,'1495838',1112,,1732,10,,,0
6019,'1495840',1212,,1733,10,,,0
6019,'1495842',1312,,1734,10,,,0
6019,'1495844',1412,,1735,10,,,0
6029,'1495149',752,,1737,10,0,5,0
6029,'1495163',1512,,1745,10,0,5,0
6029,'1495165',1632,,1747,10,0,5,0
6029,'1495167',1752,,1749,10,0,5,0
6029,'1495169',1912,,1751,10,0,5,0
6029,'1495420',652,,1755,10,0,5,0
6029,'1495434',1412,,1763,10,0,5,0
6029,'1495436',1532,,1765,10,0,5,0
6029,'1495438',1652,,1767,10,0,5,0
6029,'1495440',1812,,1769,10,0,5,0
6029,'1495442',1932,,1771,10,0,5,0
6029,'1495797',552,,1776,10,0,5,0
6029,'1495799',712,,1778,10,0,5,0
6029,'1495801',832,,1780,10,0,5,0
6029,'1495815',1552,,1788,10,0,5,0
6029,'1495817',1712,,1790,10,0,5,0
6029,'1495819',1832,,1792,10,0,5,0
6029,'1495821',1952,,1794,10,0,5,0
6029,'1495828',512,,1798,10,0,5,0
6029,'1495830',632,,1800,10,0,5,0
6029,'1495832',752,,1802,10,0,5,0
6029,'1495846',1512,,1810,10,0,5,0
6029,'1495848',1632,,1812,10,0,5,0
6029,'1495850',1752,,1814,10,0,5,0
140000019,'1495223',2239,,2230,10,,,0
140000019,'1495507',2339,,2231,10,,,0
140000019,'1495910',2339,,2232,10,,,0
