7029,'1495174',703,,1886,4,,,0
7029,'1495178',803,,1887,4,,,0
7029,'1495182',903,,1888,4,,,0
7029,'1495186',1005,,1889,4,,,0
7029,'1495188',1045,,1890,4,,,0
7029,'1495191',1205,,1891,4,,,0
7029,'1495193',1245,,1892,4,,,0
7029,'1495195',1325,,1893,4,,,0
7029,'1495197',1405,,1894,4,,,0
7029,'1495199',1445,,1895,4,,,0
7029,'1495201',1525,,1896,4,,,0
7029,'1495203',1605,,1897,4,,,0
7029,'1495205',1645,,1898,4,,,0
7029,'1495207',1725,,1899,4,,,0
7029,'1495209',1803,,1900,4,,,0
7029,'1495211',1833,,1901,4,,,0
7029,'1495214',1933,,1902,4,,,0
7029,'1495217',2033,,1903,4,,,0
7029,'1495220',2133,,1904,4,,,0
7029,'1495222',2203,,1905,4,,,0
7029,'1495449',633,,1906,4,,,0
7029,'1495452',733,,1907,4,,,0
7029,'1495456',833,,1908,4,,,0
7029,'1495458',903,,1909,4,,,0
7029,'1495460',933,,1910,4,,,0
7029,'1495462',1005,,1911,4,,,0
7029,'1495464',1045,,1912,4,,,0
7029,'1495466',1125,,1913,4,,,0
7029,'1495468',1205,,1914,4,,,0
7029,'1495470',1245,,1915,4,,,0
7029,'1495472',1325,,1916,4,,,0
7029,'1495474',1405,,1917,4,,,0
7029,'1495476',1445,,1918,4,,,0
7029,'1495478',1525,,1919,4,,,0
7029,'1495480',1605,,1920,4,,,0
7029,'1495482',1645,,1921,4,,,0
7029,'1495484',1725,,1922,4,,,0
7029,'1495486',1803,,1923,4,,,0
7029,'1495488',1833,,1924,4,,,0
7029,'1495492',1933,,1925,4,,,0
7029,'1495496',2033,,1926,4,,,0
7029,'1495500',2133,,1927,4,,,0
7029,'1495504',2233,,1928,4,,,0
7029,'1495506',2303,,1929,4,,,0
7029,'1495851',603,,1930,4,,,0
7029,'1495853',633,,1931,4,,,0
7029,'1495855',703,,1932,4,,,0
7029,'1495857',733,,1933,4,,,0
7029,'1495859',803,,1934,4,,,0
7029,'1495861',833,,1935,4,,,0
7029,'1495863',905,,1936,4,,,0
7029,'1495865',945,,1937,4,,,0
7029,'1495867',1025,,1938,4,,,0
7029,'1495869',1105,,1939,4,,,0
7029,'1495871',1145,,1940,4,,,0
7029,'1495873',1225,,1941,4,,,0
7029,'1495875',1305,,1942,4,,,0
7029,'1495877',1345,,1943,4,,,0
7029,'1495879',1425,,1944,4,,,0
7029,'1495881',1505,,1945,4,,,0
7029,'1495883',1545,,1946,4,,,0
7029,'1495885',1625,,1947,4,,,0
7029,'1495887',1705,,1948,4,,,0
7029,'1495889',1745,,1949,4,,,0
7029,'1495891',1825,,1950,4,,,0
7029,'1495893',1903,,1951,4,,,0
7029,'1495895',1933,,1952,4,,,0
7029,'1495897',2003,,1953,4,,,0
7029,'1495899',2033,,1954,4,,,0
7029,'1495901',2103,,1955,4,,,0
7029,'1495903',2133,,1956,4,,,0
7029,'1495905',2203,,1957,4,,,0
7029,'1495907',2233,,1958,4,,,0
7029,'1495909',2303,,1959,4,,,0
10003019,'1495063',804,,2007,4,,,0
10003019,'1495065',904,,2008,4,,,0
10003019,'1495067',1004,,2009,4,,,0
10003019,'1495069',1104,,2010,4,,,0
10003019,'1495071',1204,,2011,4,,,0
10003019,'1495073',1304,,2012,4,,,0
10003019,'1495075',1404,,2013,4,,,0
10003019,'1495077',1504,,2014,4,,,0
10003019,'1495079',1604,,2015,4,,,0
10003019,'1495081',1704,,2016,4,,,0
10003019,'1495083',1804,,2017,4,,,0
10003019,'1495213',1904,,2018,4,,,0
10003019,'1495219',2104,,2019,4,,,0
10003019,'1495317',804,,2020,4,,,0
10003019,'1495319',904,,2021,4,,,0
10003019,'1495321',1004,,2022,4,,,0
10003019,'1495323',1104,,2023,4,,,0
10003019,'1495325',1204,,2024,4,,,0
10003019,'1495327',1304,,2025,4,,,0
10003019,'1495329',1404,,2026,4,,,0
10003019,'1495331',1504,,2027,4,,,0
10003019,'1495333',1604,,2028,4,,,0
10003019,'1495335',1704,,2029,4,,,0
10003019,'1495337',1804,,2030,4,,,0
10003019,'1495339',1904,,2031,4,,,0
10003019,'1495341',2004,,2032,4,,,0
10003019,'1495343',2104,,2033,4,,,0
10003019,'1495451',704,,2034,4,,,0
10003019,'1495630',634,,2035,4,,,0
10003019,'1495632',734,,2036,4,,,0
10003019,'1495633',804,,2037,4,,,0
10003019,'1495634',834,,2038,4,,,0
10003019,'1495635',904,,2039,4,,,0
10003019,'1495636',934,,2040,4,,,0
10003019,'1495637',1004,,2041,4,,,0
10003019,'1495638',1034,,2042,4,,,0
10003019,'1495639',1104,,2043,4,,,0
10003019,'1495640',1134,,2044,4,,,0
10003019,'1495641',1204,,2045,4,,,0
10003019,'1495642',1234,,2046,4,,,0
10003019,'1495643',1304,,2047,4,,,0
10003019,'1495644',1334,,2048,4,,,0
10003019,'1495646',1434,,2049,4,,,0
10003019,'1495648',1534,,2050,4,,,0
10003019,'1495650',1634,,2051,4,,,0
10003019,'1495652',1734,,2052,4,,,0
10003019,'1495654',1834,,2053,4,,,0
10003019,'1495656',1934,,2054,4,,,0
10003019,'1495658',2034,,2055,4,,,0
10003019,'1495660',2134,,2056,4,,,0
