2029,'1495007',721,,1515,7,,,0
2029,'1495009',751,,1516,7,,,0
2029,'1495011',821,,1517,7,,,0
2029,'1495013',851,,1518,7,,,0
2029,'1495015',921,,1519,7,,,0
2029,'1495017',951,,1520,7,,,0
2029,'1495019',1021,,1521,7,,,0
2029,'1495021',1051,,1522,7,,,0
2029,'1495023',1128,,1523,7,,,0
2029,'1495025',1208,,1524,7,,,0
2029,'1495027',1248,,1525,7,,,0
2029,'1495029',1328,,1526,7,,,0
2029,'1495031',1408,,1527,7,,,0
2029,'1495033',1448,,1528,7,,,0
2029,'1495035',1528,,1529,7,,,0
2029,'1495037',1608,,1530,7,,,0
2029,'1495039',1648,,1531,7,,,0
2029,'1495041',1721,,1532,7,,,0
2029,'1495043',1751,,1533,7,,,0
2029,'1495045',1821,,1534,7,,,0
2029,'1495049',1921,,1535,7,,,0
2029,'1495053',2021,,1536,7,,,0
2029,'1495057',2121,,1537,7,,,0
2029,'1495061',2221,,1538,7,,,0
2029,'1495227',651,,1539,7,,,0
2029,'1495231',751,,1540,7,,,0
2029,'1495233',821,,1541,7,,,0
2029,'1495235',851,,1542,7,,,0
2029,'1495237',921,,1543,7,,,0
2029,'1495239',951,,1544,7,,,0
2029,'1495241',1021,,1545,7,,,0
2029,'1495243',1051,,1546,7,,,0
2029,'1495245',1128,,1547,7,,,0
2029,'1495247',1208,,1548,7,,,0
2029,'1495249',1248,,1549,7,,,0
2029,'1495251',1328,,1550,7,,,0
2029,'1495253',1408,,1551,7,,,0
2029,'1495255',1448,,1552,7,,,0
2029,'1495257',1528,,1553,7,,,0
2029,'1495259',1608,,1554,7,,,0
2029,'1495261',1648,,1555,7,,,0
2029,'1495263',1728,,1556,7,,,0
2029,'1495265',1808,,1557,7,,,0
2029,'1495267',1848,,1558,7,,,0
2029,'1495269',1921,,1559,7,,,0
2029,'1495271',1951,,1560,7,,,0
2029,'1495273',2021,,1561,7,,,0
2029,'1495275',2051,,1562,7,,,0
2029,'1495277',2121,,1563,7,,,0
2029,'1495279',2151,,1564,7,,,0
2029,'1495281',2221,,1565,7,,,0
2029,'1495283',2251,,1566,7,,,0
2029,'1495567',2251,,1567,7,,,0
2029,'1495571',521,,1568,7,,,0
2029,'1495573',551,,1569,7,,,0
2029,'1495575',621,,1570,7,,,0
2029,'1495577',651,,1571,7,,,0
2029,'1495579',721,,1572,7,,,0
2029,'1495581',751,,1573,7,,,0
2029,'1495583',821,,1574,7,,,0
2029,'1495585',851,,1575,7,,,0
2029,'1495587',921,,1576,7,,,0
2029,'1495589',951,,1577,7,,,0
2029,'1495591',1021,,1578,7,,,0
2029,'1495593',1051,,1579,7,,,0
2029,'1495595',1128,,1580,7,,,0
2029,'1495597',1208,,1581,7,,,0
2029,'1495599',1248,,1582,7,,,0
2029,'1495601',1328,,1583,7,,,0
2029,'1495603',1408,,1584,7,,,0
2029,'1495605',1448,,1585,7,,,0
2029,'1495607',1528,,1586,7,,,0
2029,'1495609',1608,,1587,7,,,0
2029,'1495611',1648,,1588,7,,,0
2029,'1495613',1728,,1589,7,,,0
2029,'1495615',1808,,1590,7,,,0
2029,'1495617',1848,,1591,7,,,0
2029,'1495619',1921,,1592,7,,,0
2029,'1495621',1951,,1593,7,,,0
2029,'1495623',2021,,1594,7,,,0
2029,'1495625',2051,,1595,7,,,0
2029,'1495627',2121,,1596,7,,,0
2029,'1495629',2151,,1597,7,,,0
2029,'1495674',1428,,1598,7,,,0
2029,'1495676',1508,,1599,7,,,0
2029,'1495678',1548,,1600,7,,,0
2029,'1495680',1628,,1601,7,,,0
2029,'1495682',1708,,1602,7,,,0
2029,'1495684',1748,,1603,7,,,0
10003019,'1495063',818,,2007,16,,,0
10003019,'1495065',918,,2008,16,,,0
10003019,'1495067',1018,,2009,16,,,0
10003019,'1495069',1118,,2010,16,,,0
10003019,'1495071',1218,,2011,16,,,0
10003019,'1495073',1318,,2012,16,,,0
10003019,'1495075',1418,,2013,16,,,0
10003019,'1495077',1518,,2014,16,,,0
10003019,'1495079',1618,,2015,16,,,0
10003019,'1495081',1718,,2016,16,,,0
10003019,'1495083',1818,,2017,16,,,0
10003019,'1495213',1918,,2018,16,,,0
10003019,'1495219',2118,,2019,16,,,0
10003019,'1495317',818,,2020,16,,,0
10003019,'1495319',918,,2021,16,,,0
10003019,'1495321',1018,,2022,16,,,0
10003019,'1495323',1118,,2023,16,,,0
10003019,'1495325',1218,,2024,16,,,0
10003019,'1495327',1318,,2025,16,,,0
10003019,'1495329',1418,,2026,16,,,0
10003019,'1495331',1518,,2027,16,,,0
10003019,'1495333',1618,,2028,16,,,0
10003019,'1495335',1718,,2029,16,,,0
10003019,'1495337',1818,,2030,16,,,0
10003019,'1495339',1918,,2031,16,,,0
10003019,'1495341',2018,,2032,16,,,0
10003019,'1495343',2118,,2033,16,,,0
10003019,'1495451',718,,2034,16,,,0
10003019,'1495630',648,,2035,16,,,0
10003019,'1495632',748,,2036,16,,,0
10003019,'1495633',818,,2037,16,,,0
10003019,'1495634',848,,2038,16,,,0
10003019,'1495635',918,,2039,16,,,0
10003019,'1495636',948,,2040,16,,,0
10003019,'1495637',1018,,2041,16,,,0
10003019,'1495638',1048,,2042,16,,,0
10003019,'1495639',1118,,2043,16,,,0
10003019,'1495640',1148,,2044,16,,,0
10003019,'1495641',1218,,2045,16,,,0
10003019,'1495642',1248,,2046,16,,,0
10003019,'1495643',1318,,2047,16,,,0
10003019,'1495644',1348,,2048,16,,,0
10003019,'1495646',1448,,2049,16,,,0
10003019,'1495648',1548,,2050,16,,,0
10003019,'1495650',1648,,2051,16,,,0
10003019,'1495652',1748,,2052,16,,,0
10003019,'1495654',1848,,2053,16,,,0
10003019,'1495656',1948,,2054,16,,,0
10003019,'1495658',2048,,2055,16,,,0
10003019,'1495660',2148,,2056,16,,,0
