6029,'1495148',726,,1736,27,,,0
6029,'1495150',846,,1738,27,,,0
6029,'1495152',946,,1739,20,,,0
6029,'1495154',1046,,1740,20,,,0
6029,'1495156',1146,,1741,20,,,0
6029,'1495158',1246,,1742,20,,,0
6029,'1495160',1346,,1743,20,,,0
6029,'1495162',1446,,1744,20,,,0
6029,'1495164',1606,,1746,27,,,0
6029,'1495166',1726,,1748,27,,,0
6029,'1495168',1846,,1750,27,,,0
6029,'1495170',2006,,1752,27,,,0
6029,'1495172',2116,,1753,20,,,0
6029,'1495419',626,,1754,27,,,0
6029,'1495421',746,,1756,27,,,0
6029,'1495423',846,,1757,20,,,0
6029,'1495425',946,,1758,20,,,0
6029,'1495427',1046,,1759,20,,,0
6029,'1495429',1146,,1760,20,,,0
6029,'1495431',1246,,1761,20,,,0
6029,'1495433',1346,,1762,20,,,0
6029,'1495435',1506,,1764,27,,,0
6029,'1495437',1626,,1766,27,,,0
6029,'1495439',1746,,1768,27,,,0
6029,'1495441',1906,,1770,27,,,0
6029,'1495443',2016,,1772,20,,,0
6029,'1495445',2116,,1773,20,,,0
6029,'1495447',2216,,1774,20,,,0
6029,'1495796',526,,1775,27,,,0
6029,'1495798',646,,1777,27,,,0
6029,'1495800',806,,1779,27,,,0
6029,'1495802',916,,1781,20,,,0
6029,'1495804',1016,,1782,20,,,0
6029,'1495806',1116,,1783,20,,,0
6029,'1495808',1216,,1784,20,,,0
6029,'1495810',1316,,1785,20,,,0
6029,'1495812',1416,,1786,20,,,0
6029,'1495814',1526,,1787,27,,,0
6029,'1495816',1646,,1789,27,,,0
6029,'1495818',1806,,1791,27,,,0
6029,'1495820',1926,,1793,27,,,0
6029,'1495822',2046,,1795,20,,,0
6029,'1495824',2146,,1796,20,,,0
6029,'1495826',2246,,1797,20,,,0
6029,'1495829',606,,1799,27,,,0
6029,'1495831',726,,1801,27,,,0
6029,'1495833',846,,1803,27,,,0
6029,'1495835',946,,1804,20,,,0
6029,'1495837',1046,,1805,20,,,0
6029,'1495839',1146,,1806,20,,,0
6029,'1495841',1246,,1807,20,,,0
6029,'1495843',1346,,1808,20,,,0
6029,'1495845',1446,,1809,20,,,0
6029,'1495847',1606,,1811,27,,,0
6029,'1495849',1726,,1813,27,,,0
