6019,'1495151',924,,1704,24,,,0
6019,'1495153',1024,,1705,24,,,0
6019,'1495155',1124,,1706,24,,,0
6019,'1495157',1224,,1707,24,,,0
6019,'1495159',1324,,1708,24,,,0
6019,'1495161',1424,,1709,24,,,0
6019,'1495171',2054,,1710,24,,,0
6019,'1495173',2154,,1711,24,,,0
6019,'1495422',824,,1712,24,,,0
6019,'1495424',924,,1713,24,,,0
6019,'1495426',1024,,1714,24,,,0
6019,'1495428',1124,,1715,24,,,0
6019,'1495430',1224,,1716,24,,,0
6019,'1495432',1324,,1717,24,,,0
6019,'1495444',2054,,1718,24,,,0
6019,'1495446',2154,,1719,24,,,0
6019,'1495448',2254,,1720,24,,,0
6019,'1495803',954,,1721,24,,,0
6019,'1495805',1054,,1722,24,,,0
6019,'1495807',1154,,1723,24,,,0
6019,'1495809',1254,,1724,24,,,0
6019,'1495811',1354,,1725,24,,,0
6019,'1495813',1454,,1726,24,,,0
6019,'1495823',2124,,1727,24,,,0
6019,'1495825',2224,,1728,24,,,0
6019,'1495827',2324,,1729,24,,,0
6019,'1495834',924,,1730,24,,,0
6019,'1495836',1024,,1731,24,,,0
6019,'1495838',1124,,1732,24,,,0
6019,'1495840',1224,,1733,24,,,0
6019,'1495842',1324,,1734,24,,,0
6019,'1495844',1424,,1735,24,,,0
6029,'1495149',814,,1737,31,0,5,0
6029,'1495163',1534,,1745,31,0,5,0
6029,'1495165',1654,,1747,31,0,5,0
6029,'1495167',1814,,1749,31,0,5,0
6029,'1495169',1934,,1751,31,0,5,0
6029,'1495420',714,,1755,31,0,5,0
6029,'1495434',1434,,1763,31,0,5,0
6029,'1495436',1554,,1765,31,0,5,0
6029,'1495438',1714,,1767,31,0,5,0
6029,'1495440',1834,,1769,31,0,5,0
6029,'1495442',1954,,1771,31,0,5,0
6029,'1495797',614,,1776,31,0,5,0
6029,'1495799',734,,1778,31,0,5,0
6029,'1495801',854,,1780,31,0,5,0
6029,'1495815',1614,,1788,31,0,5,0
6029,'1495817',1734,,1790,31,0,5,0
6029,'1495819',1854,,1792,31,0,5,0
6029,'1495821',2014,,1794,31,0,5,0
6029,'1495828',534,,1798,31,0,5,0
6029,'1495830',654,,1800,31,0,5,0
6029,'1495832',814,,1802,31,0,5,0
6029,'1495846',1534,,1810,31,0,5,0
6029,'1495848',1654,,1812,31,0,5,0
6029,'1495850',1814,,1814,31,0,5,0
140000019,'1495223',2252,,2230,26,,,0
140000019,'1495507',2352,,2231,26,,,0
140000019,'1495910',2352,,2232,26,,,0
