2019,'1495006',711,,1426,14,,,0
2019,'1495008',741,,1427,14,,,0
2019,'1495010',811,,1428,14,,,0
2019,'1495012',841,,1429,14,,,0
2019,'1495014',911,,1430,14,,,0
2019,'1495016',941,,1431,14,,,0
2019,'1495018',1011,,1432,14,,,0
2019,'1495020',1041,,1433,14,,,0
2019,'1495022',1115,,1434,14,,,0
2019,'1495024',1155,,1435,14,,,0
2019,'1495026',1235,,1436,14,,,0
2019,'1495028',1315,,1437,14,,,0
2019,'1495030',1355,,1438,14,,,0
2019,'1495032',1435,,1439,14,,,0
2019,'1495034',1515,,1440,14,,,0
2019,'1495036',1555,,1441,14,,,0
2019,'1495038',1635,,1442,14,,,0
2019,'1495040',1711,,1443,14,,,0
2019,'1495042',1741,,1444,14,,,0
2019,'1495044',1811,,1445,14,,,0
2019,'1495048',1911,,1446,14,,,0
2019,'1495052',2011,,1447,14,,,0
2019,'1495056',2111,,1448,14,,,0
2019,'1495060',2211,,1449,14,,,0
2019,'1495226',641,,1450,14,,,0
2019,'1495230',741,,1451,14,,,0
2019,'1495232',811,,1452,14,,,0
2019,'1495234',841,,1453,14,,,0
2019,'1495236',911,,1454,14,,,0
2019,'1495238',941,,1455,14,,,0
2019,'1495240',1011,,1456,14,,,0
2019,'1495242',1041,,1457,14,,,0
2019,'1495244',1115,,1458,14,,,0
2019,'1495246',1155,,1459,14,,,0
2019,'1495248',1235,,1460,14,,,0
2019,'1495250',1315,,1461,14,,,0
2019,'1495252',1355,,1462,14,,,0
2019,'1495254',1435,,1463,14,,,0
2019,'1495256',1515,,1464,14,,,0
2019,'1495258',1555,,1465,14,,,0
2019,'1495260',1635,,1466,14,,,0
2019,'1495262',1715,,1467,14,,,0
2019,'1495264',1755,,1468,14,,,0
2019,'1495266',1835,,1469,14,,,0
2019,'1495268',1911,,1470,14,,,0
2019,'1495270',1941,,1471,14,,,0
2019,'1495272',2011,,1472,14,,,0
2019,'1495274',2041,,1473,14,,,0
2019,'1495276',2111,,1474,14,,,0
2019,'1495278',2141,,1475,14,,,0
2019,'1495280',2211,,1476,14,,,0
2019,'1495282',2241,,1477,14,,,0
2019,'1495566',2241,,1478,14,,,0
2019,'1495570',511,,1479,14,,,0
2019,'1495572',541,,1480,14,,,0
2019,'1495574',611,,1481,14,,,0
2019,'1495576',641,,1482,14,,,0
2019,'1495578',711,,1483,14,,,0
2019,'1495580',741,,1484,14,,,0
2019,'1495582',811,,1485,14,,,0
2019,'1495584',841,,1486,14,,,0
2019,'1495586',911,,1487,14,,,0
2019,'1495588',941,,1488,14,,,0
2019,'1495590',1011,,1489,14,,,0
2019,'1495592',1041,,1490,14,,,0
2019,'1495594',1115,,1491,14,,,0
2019,'1495596',1155,,1492,14,,,0
2019,'1495598',1235,,1493,14,,,0
2019,'1495600',1315,,1494,14,,,0
2019,'1495602',1355,,1495,14,,,0
2019,'1495604',1435,,1496,14,,,0
2019,'1495606',1515,,1497,14,,,0
2019,'1495608',1555,,1498,14,,,0
2019,'1495610',1635,,1499,14,,,0
2019,'1495612',1715,,1500,14,,,0
2019,'1495614',1755,,1501,14,,,0
2019,'1495616',1835,,1502,14,,,0
2019,'1495618',1911,,1503,14,,,0
2019,'1495620',1941,,1504,14,,,0
2019,'1495622',2011,,1505,14,,,0
2019,'1495624',2041,,1506,14,,,0
2019,'1495626',2111,,1507,14,,,0
2019,'1495628',2141,,1508,14,,,0
2019,'1495673',1415,,1509,14,,,0
2019,'1495675',1455,,1510,14,,,0
2019,'1495677',1535,,1511,14,,,0
2019,'1495679',1615,,1512,14,,,0
2019,'1495681',1655,,1513,14,,,0
2019,'1495683',1735,,1514,14,,,0
