8019,'1495087',803,,1960,2,,,0
8019,'1495090',923,,1961,2,,,0
8019,'1495093',1043,,1962,2,,,0
8019,'1495096',1203,,1963,2,,,0
8019,'1495099',1323,,1964,2,,,0
8019,'1495102',1443,,1965,2,,,0
8019,'1495105',1603,,1966,2,,,0
8019,'1495108',1723,,1967,2,,,0
8019,'1495111',1843,,1968,2,,,0
8019,'1495114',2003,,1969,2,,,0
8019,'1495117',2123,,1970,2,,,0
8019,'1495190',1123,,1971,2,,,0
8019,'1495347',643,,1972,2,,,0
8019,'1495350',803,,1973,2,,,0
8019,'1495353',923,,1974,2,,,0
8019,'1495356',1043,,1975,2,,,0
8019,'1495359',1203,,1976,2,,,0
8019,'1495362',1323,,1977,2,,,0
8019,'1495365',1443,,1978,2,,,0
8019,'1495368',1603,,1979,2,,,0
8019,'1495371',1723,,1980,2,,,0
8019,'1495374',1843,,1981,2,,,0
8019,'1495377',2003,,1982,2,,,0
8019,'1495380',2123,,1983,2,,,0
8019,'1495733',2143,,1984,2,,,0
8019,'1495911',623,,1985,2,,,0
8019,'1495912',703,,1986,2,,,0
8019,'1495913',743,,1987,2,,,0
8019,'1495914',823,,1988,2,,,0
8019,'1495915',903,,1989,2,,,0
8019,'1495916',943,,1990,2,,,0
8019,'1495917',1023,,1991,2,,,0
8019,'1495918',1103,,1992,2,,,0
8019,'1495919',1143,,1993,2,,,0
8019,'1495920',1223,,1994,2,,,0
8019,'1495921',1303,,1995,2,,,0
8019,'1495922',1343,,1996,2,,,0
8019,'1495923',1423,,1997,2,,,0
8019,'1495924',1503,,1998,2,,,0
8019,'1495925',1543,,1999,2,,,0
8019,'1495926',1623,,2000,2,,,0
8019,'1495927',1703,,2001,2,,,0
8019,'1495928',1743,,2002,2,,,0
8019,'1495929',1823,,2003,2,,,0
8019,'1495930',1903,,2004,2,,,0
8019,'1495931',1943,,2005,2,,,0
8019,'1495932',2023,,2006,2,,,0
30003019,'1495062',734,,2119,2,,,0
30003019,'1495064',834,,2120,2,,,0
30003019,'1495066',934,,2121,2,,,0
30003019,'1495068',1034,,2122,2,,,0
30003019,'1495070',1134,,2123,2,,,0
30003019,'1495072',1234,,2124,2,,,0
30003019,'1495074',1334,,2125,2,,,0
30003019,'1495076',1434,,2126,2,,,0
30003019,'1495078',1534,,2127,2,,,0
30003019,'1495080',1634,,2128,2,,,0
30003019,'1495082',1734,,2129,2,,,0
30003019,'1495084',1834,,2130,2,,,0
30003019,'1495216',2004,,2131,2,,,0
30003019,'1495316',734,,2132,2,,,0
30003019,'1495318',834,,2133,2,,,0
30003019,'1495320',934,,2134,2,,,0
30003019,'1495322',1034,,2135,2,,,0
30003019,'1495324',1134,,2136,2,,,0
30003019,'1495326',1234,,2137,2,,,0
30003019,'1495328',1334,,2138,2,,,0
30003019,'1495330',1434,,2139,2,,,0
30003019,'1495332',1534,,2140,2,,,0
30003019,'1495334',1634,,2141,2,,,0
30003019,'1495336',1734,,2142,2,,,0
30003019,'1495338',1834,,2143,2,,,0
30003019,'1495340',1934,,2144,2,,,0
30003019,'1495342',2034,,2145,2,,,0
30003019,'1495344',2134,,2146,2,,,0
30003019,'1495631',704,,2147,2,,,0
30003019,'1495645',1404,,2148,2,,,0
30003019,'1495647',1504,,2149,2,,,0
30003019,'1495649',1604,,2150,2,,,0
30003019,'1495651',1704,,2151,2,,,0
30003019,'1495653',1804,,2152,2,,,0
30003019,'1495655',1904,,2153,2,,,0
30003019,'1495657',2004,,2154,2,,,0
30003019,'1495659',2104,,2155,2,,,0
30003019,'1495661',2204,,2156,2,,,0
30003019,'1495662',819,,2157,2,,,0
30003019,'1495663',849,,2158,2,,,0
30003019,'1495664',919,,2159,2,,,0
30003019,'1495665',949,,2160,2,,,0
30003019,'1495666',1019,,2161,2,,,0
30003019,'1495667',1049,,2162,2,,,0
30003019,'1495668',1119,,2163,2,,,0
30003019,'1495669',1149,,2164,2,,,0
30003019,'1495670',1219,,2165,2,,,0
30003019,'1495671',1249,,2166,2,,,0
30003019,'1495672',1319,,2167,2,,,0
