8019,'1495087',800,,1960,1,,,0,38,,1960,31,4,,0
8019,'1495090',920,,1961,1,,,0,38,,1961,31,4,,0
8019,'1495093',1040,,1962,1,,,0,78,,1962,31,4,,0
8019,'1495096',1200,,1963,1,,,0,38,,1963,31,4,,0
8019,'1495099',1320,,1964,1,,,0,38,,1964,31,4,,0
8019,'1495102',1440,,1965,1,,,0,78,,1965,31,4,,0
8019,'1495105',1600,,1966,1,,,0,38,,1966,31,4,,0
8019,'1495108',1720,,1967,1,,,0,38,,1967,31,4,,0
8019,'1495111',1840,,1968,1,,,0,78,,1968,31,4,,0
8019,'1495114',2000,,1969,1,,,0,38,,1969,31,4,,0
8019,'1495117',2120,,1970,1,,,0,38,,1970,31,4,,0
8019,'1495190',1120,,1971,1,,,0,38,,1971,31,4,,0
8019,'1495347',640,,1972,1,,,0,78,,1972,31,4,,0
8019,'1495350',800,,1973,1,,,0,38,,1973,31,4,,0
8019,'1495353',920,,1974,1,,,0,38,,1974,31,4,,0
8019,'1495356',1040,,1975,1,,,0,78,,1975,31,4,,0
8019,'1495359',1200,,1976,1,,,0,38,,1976,31,4,,0
8019,'1495362',1320,,1977,1,,,0,38,,1977,31,4,,0
8019,'1495365',1440,,1978,1,,,0,78,,1978,31,4,,0
8019,'1495368',1600,,1979,1,,,0,38,,1979,31,4,,0
8019,'1495371',1720,,1980,1,,,0,38,,1980,31,4,,0
8019,'1495374',1840,,1981,1,,,0,78,,1981,31,4,,0
8019,'1495377',2000,,1982,1,,,0,38,,1982,31,4,,0
8019,'1495380',2120,,1983,1,,,0,38,,1983,31,4,,0
8019,'1495733',2140,,1984,1,,,0,78,,1984,31,4,,0
8019,'1495911',620,,1985,1,,,0,38,,1985,31,4,,0
8019,'1495912',700,,1986,1,,,0,38,,1986,31,4,,0
8019,'1495913',740,,1987,1,,,0,78,,1987,31,4,,0
8019,'1495914',820,,1988,1,,,0,38,,1988,31,4,,0
8019,'1495915',900,,1989,1,,,0,38,,1989,31,4,,0
8019,'1495916',940,,1990,1,,,0,78,,1990,31,4,,0
8019,'1495917',1020,,1991,1,,,0,38,,1991,31,4,,0
8019,'1495918',1100,,1992,1,,,0,38,,1992,31,4,,0
8019,'1495919',1140,,1993,1,,,0,78,,1993,31,4,,0
8019,'1495920',1220,,1994,1,,,0,38,,1994,31,4,,0
8019,'1495921',1300,,1995,1,,,0,38,,1995,31,4,,0
8019,'1495922',1340,,1996,1,,,0,78,,1996,31,4,,0
8019,'1495923',1420,,1997,1,,,0,38,,1997,31,4,,0
8019,'1495924',1500,,1998,1,,,0,38,,1998,31,4,,0
8019,'1495925',1540,,1999,1,,,0,78,,1999,31,4,,0
8019,'1495926',1620,,2000,1,,,0,38,,2000,31,4,,0
8019,'1495927',1700,,2001,1,,,0,38,,2001,31,4,,0
8019,'1495928',1740,,2002,1,,,0,78,,2002,31,4,,0
8019,'1495929',1820,,2003,1,,,0,38,,2003,31,4,,0
8019,'1495930',1900,,2004,1,,,0,38,,2004,31,4,,0
8019,'1495931',1940,,2005,1,,,0,78,,2005,31,4,,0
8019,'1495932',2020,,2006,1,,,0,38,,2006,31,4,,0
