6029,'1495148',706,,1736,9,,,0
6029,'1495150',826,,1738,9,,,0
6029,'1495152',936,,1739,9,,,0
6029,'1495154',1036,,1740,9,,,0
6029,'1495156',1136,,1741,9,,,0
6029,'1495158',1236,,1742,9,,,0
6029,'1495160',1336,,1743,9,,,0
6029,'1495162',1436,,1744,9,,,0
6029,'1495164',1546,,1746,9,,,0
6029,'1495166',1706,,1748,9,,,0
6029,'1495168',1826,,1750,9,,,0
6029,'1495170',1946,,1752,9,,,0
6029,'1495172',2106,,1753,9,,,0
6029,'1495419',606,,1754,9,,,0
6029,'1495421',726,,1756,9,,,0
6029,'1495423',836,,1757,9,,,0
6029,'1495425',936,,1758,9,,,0
6029,'1495427',1036,,1759,9,,,0
6029,'1495429',1136,,1760,9,,,0
6029,'1495431',1236,,1761,9,,,0
6029,'1495433',1336,,1762,9,,,0
6029,'1495435',1446,,1764,9,,,0
6029,'1495437',1606,,1766,9,,,0
6029,'1495439',1726,,1768,9,,,0
6029,'1495441',1846,,1770,9,,,0
6029,'1495443',2006,,1772,9,,,0
6029,'1495445',2106,,1773,9,,,0
6029,'1495447',2206,,1774,9,,,0
6029,'1495796',506,,1775,9,,,0
6029,'1495798',626,,1777,9,,,0
6029,'1495800',746,,1779,9,,,0
6029,'1495802',906,,1781,9,,,0
6029,'1495804',1006,,1782,9,,,0
6029,'1495806',1106,,1783,9,,,0
6029,'1495808',1206,,1784,9,,,0
6029,'1495810',1306,,1785,9,,,0
6029,'1495812',1406,,1786,9,,,0
6029,'1495814',1506,,1787,9,,,0
6029,'1495816',1626,,1789,9,,,0
6029,'1495818',1746,,1791,9,,,0
6029,'1495820',1906,,1793,9,,,0
6029,'1495822',2036,,1795,9,,,0
6029,'1495824',2136,,1796,9,,,0
6029,'1495826',2236,,1797,9,,,0
6029,'1495829',546,,1799,9,,,0
6029,'1495831',706,,1801,9,,,0
6029,'1495833',826,,1803,9,,,0
6029,'1495835',936,,1804,9,,,0
6029,'1495837',1036,,1805,9,,,0
6029,'1495839',1136,,1806,9,,,0
6029,'1495841',1236,,1807,9,,,0
6029,'1495843',1336,,1808,9,,,0
6029,'1495845',1436,,1809,9,,,0
6029,'1495847',1546,,1811,9,,,0
6029,'1495849',1706,,1813,9,,,0
10003019,'1495063',809,,2007,9,,,0
10003019,'1495065',909,,2008,9,,,0
10003019,'1495067',1009,,2009,9,,,0
10003019,'1495069',1109,,2010,9,,,0
10003019,'1495071',1209,,2011,9,,,0
10003019,'1495073',1309,,2012,9,,,0
10003019,'1495075',1409,,2013,9,,,0
10003019,'1495077',1509,,2014,9,,,0
10003019,'1495079',1609,,2015,9,,,0
10003019,'1495081',1709,,2016,9,,,0
10003019,'1495083',1809,,2017,9,,,0
10003019,'1495213',1909,,2018,9,,,0
10003019,'1495219',2109,,2019,9,,,0
10003019,'1495317',809,,2020,9,,,0
10003019,'1495319',909,,2021,9,,,0
10003019,'1495321',1009,,2022,9,,,0
10003019,'1495323',1109,,2023,9,,,0
10003019,'1495325',1209,,2024,9,,,0
10003019,'1495327',1309,,2025,9,,,0
10003019,'1495329',1409,,2026,9,,,0
10003019,'1495331',1509,,2027,9,,,0
10003019,'1495333',1609,,2028,9,,,0
10003019,'1495335',1709,,2029,9,,,0
10003019,'1495337',1809,,2030,9,,,0
10003019,'1495339',1909,,2031,9,,,0
10003019,'1495341',2009,,2032,9,,,0
10003019,'1495343',2109,,2033,9,,,0
10003019,'1495451',709,,2034,9,,,0
10003019,'1495630',639,,2035,9,,,0
10003019,'1495632',739,,2036,9,,,0
10003019,'1495633',809,,2037,9,,,0
10003019,'1495634',839,,2038,9,,,0
10003019,'1495635',909,,2039,9,,,0
10003019,'1495636',939,,2040,9,,,0
10003019,'1495637',1009,,2041,9,,,0
10003019,'1495638',1039,,2042,9,,,0
10003019,'1495639',1109,,2043,9,,,0
10003019,'1495640',1139,,2044,9,,,0
10003019,'1495641',1209,,2045,9,,,0
10003019,'1495642',1239,,2046,9,,,0
10003019,'1495643',1309,,2047,9,,,0
10003019,'1495644',1339,,2048,9,,,0
10003019,'1495646',1439,,2049,9,,,0
10003019,'1495648',1539,,2050,9,,,0
10003019,'1495650',1639,,2051,9,,,0
10003019,'1495652',1739,,2052,9,,,0
10003019,'1495654',1839,,2053,9,,,0
10003019,'1495656',1939,,2054,9,,,0
10003019,'1495658',2039,,2055,9,,,0
10003019,'1495660',2139,,2056,9,,,0
