2029,'1495007',719,,1515,5,,,0
2029,'1495009',749,,1516,5,,,0
2029,'1495011',819,,1517,5,,,0
2029,'1495013',849,,1518,5,,,0
2029,'1495015',919,,1519,5,,,0
2029,'1495017',949,,1520,5,,,0
2029,'1495019',1019,,1521,5,,,0
2029,'1495021',1049,,1522,5,,,0
2029,'1495023',1125,,1523,5,,,0
2029,'1495025',1205,,1524,5,,,0
2029,'1495027',1245,,1525,5,,,0
2029,'1495029',1325,,1526,5,,,0
2029,'1495031',1405,,1527,5,,,0
2029,'1495033',1445,,1528,5,,,0
2029,'1495035',1525,,1529,5,,,0
2029,'1495037',1605,,1530,5,,,0
2029,'1495039',1645,,1531,5,,,0
2029,'1495041',1719,,1532,5,,,0
2029,'1495043',1749,,1533,5,,,0
2029,'1495045',1819,,1534,5,,,0
2029,'1495049',1919,,1535,5,,,0
2029,'1495053',2019,,1536,5,,,0
2029,'1495057',2119,,1537,5,,,0
2029,'1495061',2219,,1538,5,,,0
2029,'1495227',649,,1539,5,,,0
2029,'1495231',749,,1540,5,,,0
2029,'1495233',819,,1541,5,,,0
2029,'1495235',849,,1542,5,,,0
2029,'1495237',919,,1543,5,,,0
2029,'1495239',949,,1544,5,,,0
2029,'1495241',1019,,1545,5,,,0
2029,'1495243',1049,,1546,5,,,0
2029,'1495245',1125,,1547,5,,,0
2029,'1495247',1205,,1548,5,,,0
2029,'1495249',1245,,1549,5,,,0
2029,'1495251',1325,,1550,5,,,0
2029,'1495253',1405,,1551,5,,,0
2029,'1495255',1445,,1552,5,,,0
2029,'1495257',1525,,1553,5,,,0
2029,'1495259',1605,,1554,5,,,0
2029,'1495261',1645,,1555,5,,,0
2029,'1495263',1725,,1556,5,,,0
2029,'1495265',1805,,1557,5,,,0
2029,'1495267',1845,,1558,5,,,0
2029,'1495269',1919,,1559,5,,,0
2029,'1495271',1949,,1560,5,,,0
2029,'1495273',2019,,1561,5,,,0
2029,'1495275',2049,,1562,5,,,0
2029,'1495277',2119,,1563,5,,,0
2029,'1495279',2149,,1564,5,,,0
2029,'1495281',2219,,1565,5,,,0
2029,'1495283',2249,,1566,5,,,0
2029,'1495567',2249,,1567,5,,,0
2029,'1495571',519,,1568,5,,,0
2029,'1495573',549,,1569,5,,,0
2029,'1495575',619,,1570,5,,,0
2029,'1495577',649,,1571,5,,,0
2029,'1495579',719,,1572,5,,,0
2029,'1495581',749,,1573,5,,,0
2029,'1495583',819,,1574,5,,,0
2029,'1495585',849,,1575,5,,,0
2029,'1495587',919,,1576,5,,,0
2029,'1495589',949,,1577,5,,,0
2029,'1495591',1019,,1578,5,,,0
2029,'1495593',1049,,1579,5,,,0
2029,'1495595',1125,,1580,5,,,0
2029,'1495597',1205,,1581,5,,,0
2029,'1495599',1245,,1582,5,,,0
2029,'1495601',1325,,1583,5,,,0
2029,'1495603',1405,,1584,5,,,0
2029,'1495605',1445,,1585,5,,,0
2029,'1495607',1525,,1586,5,,,0
2029,'1495609',1605,,1587,5,,,0
2029,'1495611',1645,,1588,5,,,0
2029,'1495613',1725,,1589,5,,,0
2029,'1495615',1805,,1590,5,,,0
2029,'1495617',1845,,1591,5,,,0
2029,'1495619',1919,,1592,5,,,0
2029,'1495621',1949,,1593,5,,,0
2029,'1495623',2019,,1594,5,,,0
2029,'1495625',2049,,1595,5,,,0
2029,'1495627',2119,,1596,5,,,0
2029,'1495629',2149,,1597,5,,,0
2029,'1495674',1425,,1598,5,,,0
2029,'1495676',1505,,1599,5,,,0
2029,'1495678',1545,,1600,5,,,0
2029,'1495680',1625,,1601,5,,,0
2029,'1495682',1705,,1602,5,,,0
2029,'1495684',1745,,1603,5,,,0
