10005019,'1495119',739,,2057,9,,,0
10005019,'1495121',839,,2058,9,,,0
10005019,'1495123',939,,2059,9,,,0
10005019,'1495125',1039,,2060,9,,,0
10005019,'1495127',1139,,2061,9,,,0
10005019,'1495129',1239,,2062,9,,,0
10005019,'1495131',1339,,2063,9,,,0
10005019,'1495133',1439,,2064,9,,,0
10005019,'1495135',1539,,2065,9,,,0
10005019,'1495137',1639,,2066,9,,,0
10005019,'1495139',1739,,2067,9,,,0
10005019,'1495141',1839,,2068,9,,,0
10005019,'1495143',1939,,2069,9,,,0
10005019,'1495145',2039,,2070,9,,,0
10005019,'1495147',2139,,2071,9,,,0
10005019,'1495386',639,,2072,9,,,0
10005019,'1495388',739,,2073,9,,,0
10005019,'1495390',839,,2074,9,,,0
10005019,'1495392',939,,2075,9,,,0
10005019,'1495394',1039,,2076,9,,,0
10005019,'1495396',1139,,2077,9,,,0
10005019,'1495398',1239,,2078,9,,,0
10005019,'1495400',1339,,2079,9,,,0
10005019,'1495402',1439,,2080,9,,,0
10005019,'1495404',1539,,2081,9,,,0
10005019,'1495406',1639,,2082,9,,,0
10005019,'1495408',1739,,2083,9,,,0
10005019,'1495410',1839,,2084,9,,,0
10005019,'1495412',1939,,2085,9,,,0
10005019,'1495414',2039,,2086,9,,,0
10005019,'1495416',2139,,2087,9,,,0
10005019,'1495418',2239,,2088,9,,,0
10005019,'1495736',709,,2089,9,,,0
10005019,'1495737',739,,2090,9,,,0
10005019,'1495738',809,,2091,9,,,0
10005019,'1495739',839,,2092,9,,,0
10005019,'1495740',909,,2093,9,,,0
10005019,'1495741',939,,2094,9,,,0
10005019,'1495742',1009,,2095,9,,,0
10005019,'1495743',1039,,2096,9,,,0
10005019,'1495744',1109,,2097,9,,,0
10005019,'1495745',1139,,2098,9,,,0
10005019,'1495746',1209,,2099,9,,,0
10005019,'1495747',1239,,2100,9,,,0
10005019,'1495748',1309,,2101,9,,,0
10005019,'1495749',1339,,2102,9,,,0
10005019,'1495750',1409,,2103,9,,,0
10005019,'1495751',1439,,2104,9,,,0
10005019,'1495752',1509,,2105,9,,,0
10005019,'1495753',1539,,2106,9,,,0
10005019,'1495754',1609,,2107,9,,,0
10005019,'1495755',1639,,2108,9,,,0
10005019,'1495756',1709,,2109,9,,,0
10005019,'1495757',1739,,2110,9,,,0
10005019,'1495758',1809,,2111,9,,,0
10005019,'1495759',1839,,2112,9,,,0
10005019,'1495761',1939,,2113,9,,,0
10005019,'1495763',2039,,2114,9,,,0
10005019,'1495765',2139,,2115,9,,,0
10005019,'1495767',2239,,2116,9,,,0
10005019,'1495769',539,,2117,9,,,0
10005019,'1495771',639,,2118,9,,,0
