8019,'1495087',813,,1960,10,,,0
8019,'1495090',933,,1961,10,,,0
8019,'1495093',1053,,1962,10,,,0
8019,'1495096',1213,,1963,10,,,0
8019,'1495099',1333,,1964,10,,,0
8019,'1495102',1453,,1965,10,,,0
8019,'1495105',1613,,1966,10,,,0
8019,'1495108',1733,,1967,10,,,0
8019,'1495111',1853,,1968,10,,,0
8019,'1495114',2013,,1969,10,,,0
8019,'1495117',2133,,1970,10,,,0
8019,'1495190',1133,,1971,10,,,0
8019,'1495347',653,,1972,10,,,0
8019,'1495350',813,,1973,10,,,0
8019,'1495353',933,,1974,10,,,0
8019,'1495356',1053,,1975,10,,,0
8019,'1495359',1213,,1976,10,,,0
8019,'1495362',1333,,1977,10,,,0
8019,'1495365',1453,,1978,10,,,0
8019,'1495368',1613,,1979,10,,,0
8019,'1495371',1733,,1980,10,,,0
8019,'1495374',1853,,1981,10,,,0
8019,'1495377',2013,,1982,10,,,0
8019,'1495380',2133,,1983,10,,,0
8019,'1495733',2153,,1984,10,,,0
8019,'1495911',633,,1985,10,,,0
8019,'1495912',713,,1986,10,,,0
8019,'1495913',753,,1987,10,,,0
8019,'1495914',833,,1988,10,,,0
8019,'1495915',913,,1989,10,,,0
8019,'1495916',953,,1990,10,,,0
8019,'1495917',1033,,1991,10,,,0
8019,'1495918',1113,,1992,10,,,0
8019,'1495919',1153,,1993,10,,,0
8019,'1495920',1233,,1994,10,,,0
8019,'1495921',1313,,1995,10,,,0
8019,'1495922',1353,,1996,10,,,0
8019,'1495923',1433,,1997,10,,,0
8019,'1495924',1513,,1998,10,,,0
8019,'1495925',1553,,1999,10,,,0
8019,'1495926',1633,,2000,10,,,0
8019,'1495927',1713,,2001,10,,,0
8019,'1495928',1753,,2002,10,,,0
8019,'1495929',1833,,2003,10,,,0
8019,'1495930',1913,,2004,10,,,0
8019,'1495931',1953,,2005,10,,,0
8019,'1495932',2033,,2006,10,,,0
