6019,'1495151',924,,1704,25,,,0
6019,'1495153',1024,,1705,25,,,0
6019,'1495155',1124,,1706,25,,,0
6019,'1495157',1224,,1707,25,,,0
6019,'1495159',1324,,1708,25,,,0
6019,'1495161',1424,,1709,25,,,0
6019,'1495171',2054,,1710,25,,,0
6019,'1495173',2154,,1711,25,,,0
6019,'1495422',824,,1712,25,,,0
6019,'1495424',924,,1713,25,,,0
6019,'1495426',1024,,1714,25,,,0
6019,'1495428',1124,,1715,25,,,0
6019,'1495430',1224,,1716,25,,,0
6019,'1495432',1324,,1717,25,,,0
6019,'1495444',2054,,1718,25,,,0
6019,'1495446',2154,,1719,25,,,0
6019,'1495448',2254,,1720,25,,,0
6019,'1495803',954,,1721,25,,,0
6019,'1495805',1054,,1722,25,,,0
6019,'1495807',1154,,1723,25,,,0
6019,'1495809',1254,,1724,25,,,0
6019,'1495811',1354,,1725,25,,,0
6019,'1495813',1454,,1726,25,,,0
6019,'1495823',2124,,1727,25,,,0
6019,'1495825',2224,,1728,25,,,0
6019,'1495827',2324,,1729,25,,,0
6019,'1495834',924,,1730,25,,,0
6019,'1495836',1024,,1731,25,,,0
6019,'1495838',1124,,1732,25,,,0
6019,'1495840',1224,,1733,25,,,0
6019,'1495842',1324,,1734,25,,,0
6019,'1495844',1424,,1735,25,,,0
6029,'1495149',814,,1737,32,0,5,0
6029,'1495163',1534,,1745,32,0,5,0
6029,'1495165',1654,,1747,32,0,5,0
6029,'1495167',1814,,1749,32,0,5,0
6029,'1495169',1934,,1751,32,0,5,0
6029,'1495420',714,,1755,32,0,5,0
6029,'1495434',1434,,1763,32,0,5,0
6029,'1495436',1554,,1765,32,0,5,0
6029,'1495438',1714,,1767,32,0,5,0
6029,'1495440',1834,,1769,32,0,5,0
6029,'1495442',1954,,1771,32,0,5,0
6029,'1495797',614,,1776,32,0,5,0
6029,'1495799',734,,1778,32,0,5,0
6029,'1495801',854,,1780,32,0,5,0
6029,'1495815',1614,,1788,32,0,5,0
6029,'1495817',1734,,1790,32,0,5,0
6029,'1495819',1854,,1792,32,0,5,0
6029,'1495821',2014,,1794,32,0,5,0
6029,'1495828',534,,1798,32,0,5,0
6029,'1495830',654,,1800,32,0,5,0
6029,'1495832',814,,1802,32,0,5,0
6029,'1495846',1534,,1810,32,0,5,0
6029,'1495848',1654,,1812,32,0,5,0
6029,'1495850',1814,,1814,32,0,5,0
140000019,'1495223',2253,,2230,27,,,0
140000019,'1495507',2353,,2231,27,,,0
140000019,'1495910',2353,,2232,27,,,0
