6029,'1495148',724,,1736,25,,,0
6029,'1495150',844,,1738,25,,,0
6029,'1495152',944,,1739,18,,,0
6029,'1495154',1044,,1740,18,,,0
6029,'1495156',1144,,1741,18,,,0
6029,'1495158',1244,,1742,18,,,0
6029,'1495160',1344,,1743,18,,,0
6029,'1495162',1444,,1744,18,,,0
6029,'1495164',1604,,1746,25,,,0
6029,'1495166',1724,,1748,25,,,0
6029,'1495168',1844,,1750,25,,,0
6029,'1495170',2004,,1752,25,,,0
6029,'1495172',2114,,1753,18,,,0
6029,'1495419',624,,1754,25,,,0
6029,'1495421',744,,1756,25,,,0
6029,'1495423',844,,1757,18,,,0
6029,'1495425',944,,1758,18,,,0
6029,'1495427',1044,,1759,18,,,0
6029,'1495429',1144,,1760,18,,,0
6029,'1495431',1244,,1761,18,,,0
6029,'1495433',1344,,1762,18,,,0
6029,'1495435',1504,,1764,25,,,0
6029,'1495437',1624,,1766,25,,,0
6029,'1495439',1744,,1768,25,,,0
6029,'1495441',1904,,1770,25,,,0
6029,'1495443',2014,,1772,18,,,0
6029,'1495445',2114,,1773,18,,,0
6029,'1495447',2214,,1774,18,,,0
6029,'1495796',524,,1775,25,,,0
6029,'1495798',644,,1777,25,,,0
6029,'1495800',804,,1779,25,,,0
6029,'1495802',914,,1781,18,,,0
6029,'1495804',1014,,1782,18,,,0
6029,'1495806',1114,,1783,18,,,0
6029,'1495808',1214,,1784,18,,,0
6029,'1495810',1314,,1785,18,,,0
6029,'1495812',1414,,1786,18,,,0
6029,'1495814',1524,,1787,25,,,0
6029,'1495816',1644,,1789,25,,,0
6029,'1495818',1804,,1791,25,,,0
6029,'1495820',1924,,1793,25,,,0
6029,'1495822',2044,,1795,18,,,0
6029,'1495824',2144,,1796,18,,,0
6029,'1495826',2244,,1797,18,,,0
6029,'1495829',604,,1799,25,,,0
6029,'1495831',724,,1801,25,,,0
6029,'1495833',844,,1803,25,,,0
6029,'1495835',944,,1804,18,,,0
6029,'1495837',1044,,1805,18,,,0
6029,'1495839',1144,,1806,18,,,0
6029,'1495841',1244,,1807,18,,,0
6029,'1495843',1344,,1808,18,,,0
6029,'1495845',1444,,1809,18,,,0
6029,'1495847',1604,,1811,25,,,0
6029,'1495849',1724,,1813,25,,,0
