1019,'1494978',1013,,1278,10,4,,0
1019,'1494980',1043,,1279,10,4,,0
1019,'1494982',1118,,1280,10,4,,0
1019,'1494984',1158,,1281,10,4,,0
1019,'1494986',1238,,1282,10,4,,0
1019,'1494988',1318,,1283,10,4,,0
1019,'1494990',1358,,1284,10,4,,0
1019,'1494992',1438,,1285,10,4,,0
1019,'1494994',1518,,1286,10,4,,0
1019,'1494996',1558,,1287,10,4,,0
1019,'1494998',1638,,1288,10,4,,0
1019,'1495000',1713,,1289,10,4,,0
1019,'1495002',1743,,1290,10,4,,0
1019,'1495004',1813,,1291,10,4,,0
1019,'1495046',1843,,1292,10,4,,0
1019,'1495050',1943,,1293,10,4,,0
1019,'1495054',2043,,1294,10,4,,0
1019,'1495058',2143,,1295,10,4,,0
1019,'1495176',743,,1296,10,4,,0
1019,'1495180',843,,1297,10,4,,0
1019,'1495184',943,,1298,10,4,,0
1019,'1495224',613,,1299,10,4,,0
1019,'1495228',713,,1300,10,4,,0
1019,'1495284',913,,1301,10,4,,0
1019,'1495286',943,,1302,10,4,,0
1019,'1495288',1013,,1303,10,4,,0
1019,'1495290',1043,,1304,10,4,,0
1019,'1495292',1118,,1305,10,4,,0
1019,'1495294',1158,,1306,10,4,,0
1019,'1495296',1238,,1307,10,4,,0
1019,'1495298',1318,,1308,10,4,,0
1019,'1495300',1358,,1309,10,4,,0
1019,'1495302',1438,,1310,10,4,,0
1019,'1495304',1518,,1311,10,4,,0
1019,'1495306',1558,,1312,10,4,,0
1019,'1495308',1638,,1313,10,4,,0
1019,'1495310',1718,,1314,10,4,,0
1019,'1495312',1758,,1315,10,4,,0
1019,'1495314',1838,,1316,10,4,,0
1019,'1495454',813,,1317,10,4,,0
1019,'1495490',1913,,1318,10,4,,0
1019,'1495494',2013,,1319,10,4,,0
1019,'1495498',2113,,1320,10,4,,0
1019,'1495502',2213,,1321,10,4,,0
1019,'1495508',613,,1322,10,4,,0
1019,'1495510',643,,1323,10,4,,0
1019,'1495512',713,,1324,10,4,,0
1019,'1495514',743,,1325,10,4,,0
1019,'1495516',813,,1326,10,4,,0
1019,'1495518',843,,1327,10,4,,0
1019,'1495520',913,,1328,10,4,,0
1019,'1495522',943,,1329,10,4,,0
1019,'1495524',1013,,1330,10,4,,0
1019,'1495526',1043,,1331,10,4,,0
1019,'1495528',1118,,1332,10,4,,0
1019,'1495530',1158,,1333,10,4,,0
1019,'1495532',1238,,1334,10,4,,0
1019,'1495534',1318,,1335,10,4,,0
1019,'1495536',1358,,1336,10,4,,0
1019,'1495538',1438,,1337,10,4,,0
1019,'1495540',1518,,1338,10,4,,0
1019,'1495542',1558,,1339,10,4,,0
1019,'1495544',1638,,1340,10,4,,0
1019,'1495546',1718,,1341,10,4,,0
1019,'1495548',1758,,1342,10,4,,0
1019,'1495550',1838,,1343,10,4,,0
1019,'1495552',1913,,1344,10,4,,0
1019,'1495554',1943,,1345,10,4,,0
1019,'1495556',2013,,1346,10,4,,0
1019,'1495558',2043,,1347,10,4,,0
1019,'1495560',2113,,1348,10,4,,0
1019,'1495562',2143,,1349,10,4,,0
1019,'1495564',2213,,1350,10,4,,0
1019,'1495568',2313,,1351,10,4,,0
1029,'1494979',1015,,1352,1,,,0
1029,'1494981',1045,,1353,1,,,0
1029,'1494983',1120,,1354,1,,,0
1029,'1494985',1200,,1355,1,,,0
1029,'1494987',1240,,1356,1,,,0
1029,'1494989',1320,,1357,1,,,0
1029,'1494991',1400,,1358,1,,,0
1029,'1494993',1440,,1359,1,,,0
1029,'1494995',1520,,1360,1,,,0
1029,'1494997',1600,,1361,1,,,0
1029,'1494999',1640,,1362,1,,,0
1029,'1495001',1715,,1363,1,,,0
1029,'1495003',1745,,1364,1,,,0
1029,'1495005',1815,,1365,1,,,0
1029,'1495047',1845,,1366,1,,,0
1029,'1495051',1945,,1367,1,,,0
1029,'1495055',2045,,1368,1,,,0
1029,'1495059',2145,,1369,1,,,0
1029,'1495177',745,,1370,1,,,0
1029,'1495181',845,,1371,1,,,0
1029,'1495185',945,,1372,1,,,0
1029,'1495225',615,,1373,1,,,0
1029,'1495229',715,,1374,1,,,0
1029,'1495285',915,,1375,1,,,0
1029,'1495287',945,,1376,1,,,0
1029,'1495289',1015,,1377,1,,,0
1029,'1495291',1045,,1378,1,,,0
1029,'1495293',1120,,1379,1,,,0
1029,'1495295',1200,,1380,1,,,0
1029,'1495297',1240,,1381,1,,,0
1029,'1495299',1320,,1382,1,,,0
1029,'1495301',1400,,1383,1,,,0
1029,'1495303',1440,,1384,1,,,0
1029,'1495305',1520,,1385,1,,,0
1029,'1495307',1600,,1386,1,,,0
1029,'1495309',1640,,1387,1,,,0
1029,'1495311',1720,,1388,1,,,0
1029,'1495313',1800,,1389,1,,,0
1029,'1495315',1840,,1390,1,,,0
1029,'1495455',815,,1391,1,,,0
1029,'1495491',1915,,1392,1,,,0
1029,'1495495',2015,,1393,1,,,0
1029,'1495499',2115,,1394,1,,,0
1029,'1495503',2215,,1395,1,,,0
1029,'1495509',615,,1396,1,,,0
1029,'1495511',645,,1397,1,,,0
1029,'1495513',715,,1398,1,,,0
1029,'1495515',745,,1399,1,,,0
1029,'1495517',815,,1400,1,,,0
1029,'1495519',845,,1401,1,,,0
1029,'1495521',915,,1402,1,,,0
1029,'1495523',945,,1403,1,,,0
1029,'1495525',1015,,1404,1,,,0
1029,'1495527',1045,,1405,1,,,0
1029,'1495529',1120,,1406,1,,,0
1029,'1495531',1200,,1407,1,,,0
1029,'1495533',1240,,1408,1,,,0
1029,'1495535',1320,,1409,1,,,0
1029,'1495537',1400,,1410,1,,,0
1029,'1495539',1440,,1411,1,,,0
1029,'1495541',1520,,1412,1,,,0
1029,'1495543',1600,,1413,1,,,0
1029,'1495545',1640,,1414,1,,,0
1029,'1495547',1720,,1415,1,,,0
1029,'1495549',1800,,1416,1,,,0
1029,'1495551',1840,,1417,1,,,0
1029,'1495553',1915,,1418,1,,,0
1029,'1495555',1945,,1419,1,,,0
1029,'1495557',2015,,1420,1,,,0
1029,'1495559',2045,,1421,1,,,0
1029,'1495561',2115,,1422,1,,,0
1029,'1495563',2145,,1423,1,,,0
1029,'1495565',2215,,1424,1,,,0
1029,'1495569',2315,,1425,1,,,0
2019,'1495006',713,,1426,16,4,,0
2019,'1495008',743,,1427,16,4,,0
2019,'1495010',813,,1428,16,4,,0
2019,'1495012',843,,1429,16,4,,0
2019,'1495014',913,,1430,16,4,,0
2019,'1495016',943,,1431,16,4,,0
2019,'1495018',1013,,1432,16,4,,0
2019,'1495020',1043,,1433,16,4,,0
2019,'1495022',1118,,1434,16,4,,0
2019,'1495024',1158,,1435,16,4,,0
2019,'1495026',1238,,1436,16,4,,0
2019,'1495028',1318,,1437,16,4,,0
2019,'1495030',1358,,1438,16,4,,0
2019,'1495032',1438,,1439,16,4,,0
2019,'1495034',1518,,1440,16,4,,0
2019,'1495036',1558,,1441,16,4,,0
2019,'1495038',1638,,1442,16,4,,0
2019,'1495040',1713,,1443,16,4,,0
2019,'1495042',1743,,1444,16,4,,0
2019,'1495044',1813,,1445,16,4,,0
2019,'1495048',1913,,1446,16,4,,0
2019,'1495052',2013,,1447,16,4,,0
2019,'1495056',2113,,1448,16,4,,0
2019,'1495060',2213,,1449,16,4,,0
2019,'1495226',643,,1450,16,4,,0
2019,'1495230',743,,1451,16,4,,0
2019,'1495232',813,,1452,16,4,,0
2019,'1495234',843,,1453,16,4,,0
2019,'1495236',913,,1454,16,4,,0
2019,'1495238',943,,1455,16,4,,0
2019,'1495240',1013,,1456,16,4,,0
2019,'1495242',1043,,1457,16,4,,0
2019,'1495244',1118,,1458,16,4,,0
2019,'1495246',1158,,1459,16,4,,0
2019,'1495248',1238,,1460,16,4,,0
2019,'1495250',1318,,1461,16,4,,0
2019,'1495252',1358,,1462,16,4,,0
2019,'1495254',1438,,1463,16,4,,0
2019,'1495256',1518,,1464,16,4,,0
2019,'1495258',1558,,1465,16,4,,0
2019,'1495260',1638,,1466,16,4,,0
2019,'1495262',1718,,1467,16,4,,0
2019,'1495264',1758,,1468,16,4,,0
2019,'1495266',1838,,1469,16,4,,0
2019,'1495268',1913,,1470,16,4,,0
2019,'1495270',1943,,1471,16,4,,0
2019,'1495272',2013,,1472,16,4,,0
2019,'1495274',2043,,1473,16,4,,0
2019,'1495276',2113,,1474,16,4,,0
2019,'1495278',2143,,1475,16,4,,0
2019,'1495280',2213,,1476,16,4,,0
2019,'1495282',2243,,1477,16,4,,0
2019,'1495566',2243,,1478,16,4,,0
2019,'1495570',513,,1479,16,4,,0
2019,'1495572',543,,1480,16,4,,0
2019,'1495574',613,,1481,16,4,,0
2019,'1495576',643,,1482,16,4,,0
2019,'1495578',713,,1483,16,4,,0
2019,'1495580',743,,1484,16,4,,0
2019,'1495582',813,,1485,16,4,,0
2019,'1495584',843,,1486,16,4,,0
2019,'1495586',913,,1487,16,4,,0
2019,'1495588',943,,1488,16,4,,0
2019,'1495590',1013,,1489,16,4,,0
2019,'1495592',1043,,1490,16,4,,0
2019,'1495594',1118,,1491,16,4,,0
2019,'1495596',1158,,1492,16,4,,0
2019,'1495598',1238,,1493,16,4,,0
2019,'1495600',1318,,1494,16,4,,0
2019,'1495602',1358,,1495,16,4,,0
2019,'1495604',1438,,1496,16,4,,0
2019,'1495606',1518,,1497,16,4,,0
2019,'1495608',1558,,1498,16,4,,0
2019,'1495610',1638,,1499,16,4,,0
2019,'1495612',1718,,1500,16,4,,0
2019,'1495614',1758,,1501,16,4,,0
2019,'1495616',1838,,1502,16,4,,0
2019,'1495618',1913,,1503,16,4,,0
2019,'1495620',1943,,1504,16,4,,0
2019,'1495622',2013,,1505,16,4,,0
2019,'1495624',2043,,1506,16,4,,0
2019,'1495626',2113,,1507,16,4,,0
2019,'1495628',2143,,1508,16,4,,0
2019,'1495673',1418,,1509,16,4,,0
2019,'1495675',1458,,1510,16,4,,0
2019,'1495677',1538,,1511,16,4,,0
2019,'1495679',1618,,1512,16,4,,0
2019,'1495681',1658,,1513,16,4,,0
2019,'1495683',1738,,1514,16,4,,0
2029,'1495007',715,,1515,1,,,0
2029,'1495009',745,,1516,1,,,0
2029,'1495011',815,,1517,1,,,0
2029,'1495013',845,,1518,1,,,0
2029,'1495015',915,,1519,1,,,0
2029,'1495017',945,,1520,1,,,0
2029,'1495019',1015,,1521,1,,,0
2029,'1495021',1045,,1522,1,,,0
2029,'1495023',1120,,1523,1,,,0
2029,'1495025',1200,,1524,1,,,0
2029,'1495027',1240,,1525,1,,,0
2029,'1495029',1320,,1526,1,,,0
2029,'1495031',1400,,1527,1,,,0
2029,'1495033',1440,,1528,1,,,0
2029,'1495035',1520,,1529,1,,,0
2029,'1495037',1600,,1530,1,,,0
2029,'1495039',1640,,1531,1,,,0
2029,'1495041',1715,,1532,1,,,0
2029,'1495043',1745,,1533,1,,,0
2029,'1495045',1815,,1534,1,,,0
2029,'1495049',1915,,1535,1,,,0
2029,'1495053',2015,,1536,1,,,0
2029,'1495057',2115,,1537,1,,,0
2029,'1495061',2215,,1538,1,,,0
2029,'1495227',645,,1539,1,,,0
2029,'1495231',745,,1540,1,,,0
2029,'1495233',815,,1541,1,,,0
2029,'1495235',845,,1542,1,,,0
2029,'1495237',915,,1543,1,,,0
2029,'1495239',945,,1544,1,,,0
2029,'1495241',1015,,1545,1,,,0
2029,'1495243',1045,,1546,1,,,0
2029,'1495245',1120,,1547,1,,,0
2029,'1495247',1200,,1548,1,,,0
2029,'1495249',1240,,1549,1,,,0
2029,'1495251',1320,,1550,1,,,0
2029,'1495253',1400,,1551,1,,,0
2029,'1495255',1440,,1552,1,,,0
2029,'1495257',1520,,1553,1,,,0
2029,'1495259',1600,,1554,1,,,0
2029,'1495261',1640,,1555,1,,,0
2029,'1495263',1720,,1556,1,,,0
2029,'1495265',1800,,1557,1,,,0
2029,'1495267',1840,,1558,1,,,0
2029,'1495269',1915,,1559,1,,,0
2029,'1495271',1945,,1560,1,,,0
2029,'1495273',2015,,1561,1,,,0
2029,'1495275',2045,,1562,1,,,0
2029,'1495277',2115,,1563,1,,,0
2029,'1495279',2145,,1564,1,,,0
2029,'1495281',2215,,1565,1,,,0
2029,'1495283',2245,,1566,1,,,0
2029,'1495567',2245,,1567,1,,,0
2029,'1495571',515,,1568,1,,,0
2029,'1495573',545,,1569,1,,,0
2029,'1495575',615,,1570,1,,,0
2029,'1495577',645,,1571,1,,,0
2029,'1495579',715,,1572,1,,,0
2029,'1495581',745,,1573,1,,,0
2029,'1495583',815,,1574,1,,,0
2029,'1495585',845,,1575,1,,,0
2029,'1495587',915,,1576,1,,,0
2029,'1495589',945,,1577,1,,,0
2029,'1495591',1015,,1578,1,,,0
2029,'1495593',1045,,1579,1,,,0
2029,'1495595',1120,,1580,1,,,0
2029,'1495597',1200,,1581,1,,,0
2029,'1495599',1240,,1582,1,,,0
2029,'1495601',1320,,1583,1,,,0
2029,'1495603',1400,,1584,1,,,0
2029,'1495605',1440,,1585,1,,,0
2029,'1495607',1520,,1586,1,,,0
2029,'1495609',1600,,1587,1,,,0
2029,'1495611',1640,,1588,1,,,0
2029,'1495613',1720,,1589,1,,,0
2029,'1495615',1800,,1590,1,,,0
2029,'1495617',1840,,1591,1,,,0
2029,'1495619',1915,,1592,1,,,0
2029,'1495621',1945,,1593,1,,,0
2029,'1495623',2015,,1594,1,,,0
2029,'1495625',2045,,1595,1,,,0
2029,'1495627',2115,,1596,1,,,0
2029,'1495629',2145,,1597,1,,,0
2029,'1495674',1420,,1598,1,,,0
2029,'1495676',1500,,1599,1,,,0
2029,'1495678',1540,,1600,1,,,0
2029,'1495680',1620,,1601,1,,,0
2029,'1495682',1700,,1602,1,,,0
2029,'1495684',1740,,1603,1,,,0
6019,'1495151',900,,1704,1,,,0
6019,'1495153',1000,,1705,1,,,0
6019,'1495155',1100,,1706,1,,,0
6019,'1495157',1200,,1707,1,,,0
6019,'1495159',1300,,1708,1,,,0
6019,'1495161',1400,,1709,1,,,0
6019,'1495171',2030,,1710,1,,,0
6019,'1495173',2130,,1711,1,,,0
6019,'1495422',800,,1712,1,,,0
6019,'1495424',900,,1713,1,,,0
6019,'1495426',1000,,1714,1,,,0
6019,'1495428',1100,,1715,1,,,0
6019,'1495430',1200,,1716,1,,,0
6019,'1495432',1300,,1717,1,,,0
6019,'1495444',2030,,1718,1,,,0
6019,'1495446',2130,,1719,1,,,0
6019,'1495448',2230,,1720,1,,,0
6019,'1495803',930,,1721,1,,,0
6019,'1495805',1030,,1722,1,,,0
6019,'1495807',1130,,1723,1,,,0
6019,'1495809',1230,,1724,1,,,0
6019,'1495811',1330,,1725,1,,,0
6019,'1495813',1430,,1726,1,,,0
6019,'1495823',2100,,1727,1,,,0
6019,'1495825',2200,,1728,1,,,0
6019,'1495827',2300,,1729,1,,,0
6019,'1495834',900,,1730,1,,,0
6019,'1495836',1000,,1731,1,,,0
6019,'1495838',1100,,1732,1,,,0
6019,'1495840',1200,,1733,1,,,0
6019,'1495842',1300,,1734,1,,,0
6019,'1495844',1400,,1735,1,,,0
6029,'1495148',738,,1736,37,4,,0
6029,'1495149',740,,1737,1,0,5,0
6029,'1495150',858,,1738,37,4,,0
6029,'1495152',958,,1739,30,4,,0
6029,'1495154',1058,,1740,30,4,,0
6029,'1495156',1158,,1741,30,4,,0
6029,'1495158',1258,,1742,30,4,,0
6029,'1495160',1358,,1743,30,4,,0
6029,'1495162',1458,,1744,30,4,,0
6029,'1495163',1500,,1745,1,0,5,0
6029,'1495164',1618,,1746,37,4,,0
6029,'1495165',1620,,1747,1,0,5,0
6029,'1495166',1738,,1748,37,4,,0
6029,'1495167',1740,,1749,1,0,5,0
6029,'1495168',1858,,1750,37,4,,0
6029,'1495169',1900,,1751,1,0,5,0
6029,'1495170',2018,,1752,37,4,,0
6029,'1495172',2128,,1753,30,4,,0
6029,'1495419',638,,1754,37,4,,0
6029,'1495420',640,,1755,1,0,5,0
6029,'1495421',758,,1756,37,4,,0
6029,'1495423',858,,1757,30,4,,0
6029,'1495425',958,,1758,30,4,,0
6029,'1495427',1058,,1759,30,4,,0
6029,'1495429',1158,,1760,30,4,,0
6029,'1495431',1258,,1761,30,4,,0
6029,'1495433',1358,,1762,30,4,,0
6029,'1495434',1400,,1763,1,0,5,0
6029,'1495435',1518,,1764,37,4,,0
6029,'1495436',1520,,1765,1,0,5,0
6029,'1495437',1638,,1766,37,4,,0
6029,'1495438',1640,,1767,1,0,5,0
6029,'1495439',1758,,1768,37,4,,0
6029,'1495440',1800,,1769,1,0,5,0
6029,'1495441',1918,,1770,37,4,,0
6029,'1495442',1920,,1771,1,0,5,0
6029,'1495443',2028,,1772,30,4,,0
6029,'1495445',2128,,1773,30,4,,0
6029,'1495447',2228,,1774,30,4,,0
6029,'1495796',538,,1775,37,4,,0
6029,'1495797',540,,1776,1,0,5,0
6029,'1495798',658,,1777,37,4,,0
6029,'1495799',700,,1778,1,0,5,0
6029,'1495800',818,,1779,37,4,,0
6029,'1495801',820,,1780,1,0,5,0
6029,'1495802',928,,1781,30,4,,0
6029,'1495804',1028,,1782,30,4,,0
6029,'1495806',1128,,1783,30,4,,0
6029,'1495808',1228,,1784,30,4,,0
6029,'1495810',1328,,1785,30,4,,0
6029,'1495812',1428,,1786,30,4,,0
6029,'1495814',1538,,1787,37,4,,0
6029,'1495815',1540,,1788,1,0,5,0
6029,'1495816',1658,,1789,37,4,,0
6029,'1495817',1700,,1790,1,0,5,0
6029,'1495818',1818,,1791,37,4,,0
6029,'1495819',1820,,1792,1,0,5,0
6029,'1495820',1938,,1793,37,4,,0
6029,'1495821',1940,,1794,1,0,5,0
6029,'1495822',2058,,1795,30,4,,0
6029,'1495824',2158,,1796,30,4,,0
6029,'1495826',2258,,1797,30,4,,0
6029,'1495828',500,,1798,1,0,5,0
6029,'1495829',618,,1799,37,4,,0
6029,'1495830',620,,1800,1,0,5,0
6029,'1495831',738,,1801,37,4,,0
6029,'1495832',740,,1802,1,0,5,0
6029,'1495833',858,,1803,37,4,,0
6029,'1495835',958,,1804,30,4,,0
6029,'1495837',1058,,1805,30,4,,0
6029,'1495839',1158,,1806,30,4,,0
6029,'1495841',1258,,1807,30,4,,0
6029,'1495843',1358,,1808,30,4,,0
6029,'1495845',1458,,1809,30,4,,0
6029,'1495846',1500,,1810,1,0,5,0
6029,'1495847',1618,,1811,37,4,,0
6029,'1495848',1620,,1812,1,0,5,0
6029,'1495849',1738,,1813,37,4,,0
6029,'1495850',1740,,1814,1,0,5,0
