30005019,'1495118',721,,2168,21,,,0
30005019,'1495120',821,,2169,21,,,0
30005019,'1495122',921,,2170,21,,,0
30005019,'1495124',1021,,2171,21,,,0
30005019,'1495126',1121,,2172,21,,,0
30005019,'1495128',1221,,2173,21,,,0
30005019,'1495130',1321,,2174,21,,,0
30005019,'1495132',1421,,2175,21,,,0
30005019,'1495134',1521,,2176,21,,,0
30005019,'1495136',1621,,2177,21,,,0
30005019,'1495138',1721,,2178,21,,,0
30005019,'1495140',1821,,2179,21,,,0
30005019,'1495142',1921,,2180,21,,,0
30005019,'1495144',2021,,2181,21,,,0
30005019,'1495146',2121,,2182,21,,,0
30005019,'1495385',621,,2183,21,,,0
30005019,'1495387',721,,2184,21,,,0
30005019,'1495389',821,,2185,21,,,0
30005019,'1495391',921,,2186,21,,,0
30005019,'1495393',1021,,2187,21,,,0
30005019,'1495395',1121,,2188,21,,,0
30005019,'1495397',1221,,2189,21,,,0
30005019,'1495399',1321,,2190,21,,,0
30005019,'1495401',1421,,2191,21,,,0
30005019,'1495403',1521,,2192,21,,,0
30005019,'1495405',1621,,2193,21,,,0
30005019,'1495407',1721,,2194,21,,,0
30005019,'1495409',1821,,2195,21,,,0
30005019,'1495411',1921,,2196,21,,,0
30005019,'1495413',2021,,2197,21,,,0
30005019,'1495415',2121,,2198,21,,,0
30005019,'1495417',2221,,2199,21,,,0
30005019,'1495760',1921,,2200,21,,,0
30005019,'1495762',2021,,2201,21,,,0
30005019,'1495764',2121,,2202,21,,,0
30005019,'1495766',2221,,2203,21,,,0
30005019,'1495768',521,,2204,21,,,0
30005019,'1495770',621,,2205,21,,,0
30005019,'1495772',721,,2206,21,,,0
30005019,'1495773',751,,2207,21,,,0
30005019,'1495774',821,,2208,21,,,0
30005019,'1495775',851,,2209,21,,,0
30005019,'1495776',921,,2210,21,,,0
30005019,'1495777',951,,2211,21,,,0
30005019,'1495778',1021,,2212,21,,,0
30005019,'1495779',1051,,2213,21,,,0
30005019,'1495780',1121,,2214,21,,,0
30005019,'1495781',1151,,2215,21,,,0
30005019,'1495782',1221,,2216,21,,,0
30005019,'1495783',1251,,2217,21,,,0
30005019,'1495784',1321,,2218,21,,,0
30005019,'1495785',1351,,2219,21,,,0
30005019,'1495786',1421,,2220,21,,,0
30005019,'1495787',1451,,2221,21,,,0
30005019,'1495788',1521,,2222,21,,,0
30005019,'1495789',1551,,2223,21,,,0
30005019,'1495790',1621,,2224,21,,,0
30005019,'1495791',1651,,2225,21,,,0
30005019,'1495792',1721,,2226,21,,,0
30005019,'1495793',1751,,2227,21,,,0
30005019,'1495794',1821,,2228,21,,,0
30005019,'1495795',1851,,2229,21,,,0
