1019,'1494978',1004,,1278,3,,,0
1019,'1494980',1034,,1279,3,,,0
1019,'1494982',1105,,1280,3,,,0
1019,'1494984',1145,,1281,3,,,0
1019,'1494986',1225,,1282,3,,,0
1019,'1494988',1305,,1283,3,,,0
1019,'1494990',1345,,1284,3,,,0
1019,'1494992',1425,,1285,3,,,0
1019,'1494994',1505,,1286,3,,,0
1019,'1494996',1545,,1287,3,,,0
1019,'1494998',1625,,1288,3,,,0
1019,'1495000',1704,,1289,3,,,0
1019,'1495002',1734,,1290,3,,,0
1019,'1495004',1804,,1291,3,,,0
1019,'1495046',1834,,1292,3,,,0
1019,'1495050',1934,,1293,3,,,0
1019,'1495054',2034,,1294,3,,,0
1019,'1495058',2134,,1295,3,,,0
1019,'1495176',734,,1296,3,,,0
1019,'1495180',834,,1297,3,,,0
1019,'1495184',934,,1298,3,,,0
1019,'1495224',604,,1299,3,,,0
1019,'1495228',704,,1300,3,,,0
1019,'1495284',904,,1301,3,,,0
1019,'1495286',934,,1302,3,,,0
1019,'1495288',1004,,1303,3,,,0
1019,'1495290',1034,,1304,3,,,0
1019,'1495292',1105,,1305,3,,,0
1019,'1495294',1145,,1306,3,,,0
1019,'1495296',1225,,1307,3,,,0
1019,'1495298',1305,,1308,3,,,0
1019,'1495300',1345,,1309,3,,,0
1019,'1495302',1425,,1310,3,,,0
1019,'1495304',1505,,1311,3,,,0
1019,'1495306',1545,,1312,3,,,0
1019,'1495308',1625,,1313,3,,,0
1019,'1495310',1705,,1314,3,,,0
1019,'1495312',1745,,1315,3,,,0
1019,'1495314',1825,,1316,3,,,0
1019,'1495454',804,,1317,3,,,0
1019,'1495490',1904,,1318,3,,,0
1019,'1495494',2004,,1319,3,,,0
1019,'1495498',2104,,1320,3,,,0
1019,'1495502',2204,,1321,3,,,0
1019,'1495508',604,,1322,3,,,0
1019,'1495510',634,,1323,3,,,0
1019,'1495512',704,,1324,3,,,0
1019,'1495514',734,,1325,3,,,0
1019,'1495516',804,,1326,3,,,0
1019,'1495518',834,,1327,3,,,0
1019,'1495520',904,,1328,3,,,0
1019,'1495522',934,,1329,3,,,0
1019,'1495524',1004,,1330,3,,,0
1019,'1495526',1034,,1331,3,,,0
1019,'1495528',1105,,1332,3,,,0
1019,'1495530',1145,,1333,3,,,0
1019,'1495532',1225,,1334,3,,,0
1019,'1495534',1305,,1335,3,,,0
1019,'1495536',1345,,1336,3,,,0
1019,'1495538',1425,,1337,3,,,0
1019,'1495540',1505,,1338,3,,,0
1019,'1495542',1545,,1339,3,,,0
1019,'1495544',1625,,1340,3,,,0
1019,'1495546',1705,,1341,3,,,0
1019,'1495548',1745,,1342,3,,,0
1019,'1495550',1825,,1343,3,,,0
1019,'1495552',1904,,1344,3,,,0
1019,'1495554',1934,,1345,3,,,0
1019,'1495556',2004,,1346,3,,,0
1019,'1495558',2034,,1347,3,,,0
1019,'1495560',2104,,1348,3,,,0
1019,'1495562',2134,,1349,3,,,0
1019,'1495564',2204,,1350,3,,,0
1019,'1495568',2304,,1351,3,,,0
