10003019,'1495063',812,,2007,10,,,0
10003019,'1495065',912,,2008,10,,,0
10003019,'1495067',1012,,2009,10,,,0
10003019,'1495069',1112,,2010,10,,,0
10003019,'1495071',1212,,2011,10,,,0
10003019,'1495073',1312,,2012,10,,,0
10003019,'1495075',1412,,2013,10,,,0
10003019,'1495077',1512,,2014,10,,,0
10003019,'1495079',1612,,2015,10,,,0
10003019,'1495081',1712,,2016,10,,,0
10003019,'1495083',1812,,2017,10,,,0
10003019,'1495213',1912,,2018,10,,,0
10003019,'1495219',2112,,2019,10,,,0
10003019,'1495317',812,,2020,10,,,0
10003019,'1495319',912,,2021,10,,,0
10003019,'1495321',1012,,2022,10,,,0
10003019,'1495323',1112,,2023,10,,,0
10003019,'1495325',1212,,2024,10,,,0
10003019,'1495327',1312,,2025,10,,,0
10003019,'1495329',1412,,2026,10,,,0
10003019,'1495331',1512,,2027,10,,,0
10003019,'1495333',1612,,2028,10,,,0
10003019,'1495335',1712,,2029,10,,,0
10003019,'1495337',1812,,2030,10,,,0
10003019,'1495339',1912,,2031,10,,,0
10003019,'1495341',2012,,2032,10,,,0
10003019,'1495343',2112,,2033,10,,,0
10003019,'1495451',712,,2034,10,,,0
10003019,'1495630',642,,2035,10,,,0
10003019,'1495632',742,,2036,10,,,0
10003019,'1495633',812,,2037,10,,,0
10003019,'1495634',842,,2038,10,,,0
10003019,'1495635',912,,2039,10,,,0
10003019,'1495636',942,,2040,10,,,0
10003019,'1495637',1012,,2041,10,,,0
10003019,'1495638',1042,,2042,10,,,0
10003019,'1495639',1112,,2043,10,,,0
10003019,'1495640',1142,,2044,10,,,0
10003019,'1495641',1212,,2045,10,,,0
10003019,'1495642',1242,,2046,10,,,0
10003019,'1495643',1312,,2047,10,,,0
10003019,'1495644',1342,,2048,10,,,0
10003019,'1495646',1442,,2049,10,,,0
10003019,'1495648',1542,,2050,10,,,0
10003019,'1495650',1642,,2051,10,,,0
10003019,'1495652',1742,,2052,10,,,0
10003019,'1495654',1842,,2053,10,,,0
10003019,'1495656',1942,,2054,10,,,0
10003019,'1495658',2042,,2055,10,,,0
10003019,'1495660',2142,,2056,10,,,0
