10005019,'1495119',735,,2057,6,,,0
10005019,'1495121',835,,2058,6,,,0
10005019,'1495123',935,,2059,6,,,0
10005019,'1495125',1035,,2060,6,,,0
10005019,'1495127',1135,,2061,6,,,0
10005019,'1495129',1235,,2062,6,,,0
10005019,'1495131',1335,,2063,6,,,0
10005019,'1495133',1435,,2064,6,,,0
10005019,'1495135',1535,,2065,6,,,0
10005019,'1495137',1635,,2066,6,,,0
10005019,'1495139',1735,,2067,6,,,0
10005019,'1495141',1835,,2068,6,,,0
10005019,'1495143',1935,,2069,6,,,0
10005019,'1495145',2035,,2070,6,,,0
10005019,'1495147',2135,,2071,6,,,0
10005019,'1495386',635,,2072,6,,,0
10005019,'1495388',735,,2073,6,,,0
10005019,'1495390',835,,2074,6,,,0
10005019,'1495392',935,,2075,6,,,0
10005019,'1495394',1035,,2076,6,,,0
10005019,'1495396',1135,,2077,6,,,0
10005019,'1495398',1235,,2078,6,,,0
10005019,'1495400',1335,,2079,6,,,0
10005019,'1495402',1435,,2080,6,,,0
10005019,'1495404',1535,,2081,6,,,0
10005019,'1495406',1635,,2082,6,,,0
10005019,'1495408',1735,,2083,6,,,0
10005019,'1495410',1835,,2084,6,,,0
10005019,'1495412',1935,,2085,6,,,0
10005019,'1495414',2035,,2086,6,,,0
10005019,'1495416',2135,,2087,6,,,0
10005019,'1495418',2235,,2088,6,,,0
10005019,'1495736',705,,2089,6,,,0
10005019,'1495737',735,,2090,6,,,0
10005019,'1495738',805,,2091,6,,,0
10005019,'1495739',835,,2092,6,,,0
10005019,'1495740',905,,2093,6,,,0
10005019,'1495741',935,,2094,6,,,0
10005019,'1495742',1005,,2095,6,,,0
10005019,'1495743',1035,,2096,6,,,0
10005019,'1495744',1105,,2097,6,,,0
10005019,'1495745',1135,,2098,6,,,0
10005019,'1495746',1205,,2099,6,,,0
10005019,'1495747',1235,,2100,6,,,0
10005019,'1495748',1305,,2101,6,,,0
10005019,'1495749',1335,,2102,6,,,0
10005019,'1495750',1405,,2103,6,,,0
10005019,'1495751',1435,,2104,6,,,0
10005019,'1495752',1505,,2105,6,,,0
10005019,'1495753',1535,,2106,6,,,0
10005019,'1495754',1605,,2107,6,,,0
10005019,'1495755',1635,,2108,6,,,0
10005019,'1495756',1705,,2109,6,,,0
10005019,'1495757',1735,,2110,6,,,0
10005019,'1495758',1805,,2111,6,,,0
10005019,'1495759',1835,,2112,6,,,0
10005019,'1495761',1935,,2113,6,,,0
10005019,'1495763',2035,,2114,6,,,0
10005019,'1495765',2135,,2115,6,,,0
10005019,'1495767',2235,,2116,6,,,0
10005019,'1495769',535,,2117,6,,,0
10005019,'1495771',635,,2118,6,,,0
