6029,'1495148',732,,1736,32,,,0
6029,'1495150',852,,1738,32,,,0
6029,'1495152',953,,1739,25,,,0
6029,'1495154',1053,,1740,25,,,0
6029,'1495156',1153,,1741,25,,,0
6029,'1495158',1253,,1742,25,,,0
6029,'1495160',1353,,1743,25,,,0
6029,'1495162',1453,,1744,25,,,0
6029,'1495164',1612,,1746,32,,,0
6029,'1495166',1732,,1748,32,,,0
6029,'1495168',1852,,1750,32,,,0
6029,'1495170',2012,,1752,32,,,0
6029,'1495172',2123,,1753,25,,,0
6029,'1495419',632,,1754,32,,,0
6029,'1495421',752,,1756,32,,,0
6029,'1495423',853,,1757,25,,,0
6029,'1495425',953,,1758,25,,,0
6029,'1495427',1053,,1759,25,,,0
6029,'1495429',1153,,1760,25,,,0
6029,'1495431',1253,,1761,25,,,0
6029,'1495433',1353,,1762,25,,,0
6029,'1495435',1512,,1764,32,,,0
6029,'1495437',1632,,1766,32,,,0
6029,'1495439',1752,,1768,32,,,0
6029,'1495441',1912,,1770,32,,,0
6029,'1495443',2023,,1772,25,,,0
6029,'1495445',2123,,1773,25,,,0
6029,'1495447',2223,,1774,25,,,0
6029,'1495796',532,,1775,32,,,0
6029,'1495798',652,,1777,32,,,0
6029,'1495800',812,,1779,32,,,0
6029,'1495802',923,,1781,25,,,0
6029,'1495804',1023,,1782,25,,,0
6029,'1495806',1123,,1783,25,,,0
6029,'1495808',1223,,1784,25,,,0
6029,'1495810',1323,,1785,25,,,0
6029,'1495812',1423,,1786,25,,,0
6029,'1495814',1532,,1787,32,,,0
6029,'1495816',1652,,1789,32,,,0
6029,'1495818',1812,,1791,32,,,0
6029,'1495820',1932,,1793,32,,,0
6029,'1495822',2053,,1795,25,,,0
6029,'1495824',2153,,1796,25,,,0
6029,'1495826',2253,,1797,25,,,0
6029,'1495829',612,,1799,32,,,0
6029,'1495831',732,,1801,32,,,0
6029,'1495833',852,,1803,32,,,0
6029,'1495835',953,,1804,25,,,0
6029,'1495837',1053,,1805,25,,,0
6029,'1495839',1153,,1806,25,,,0
6029,'1495841',1253,,1807,25,,,0
6029,'1495843',1353,,1808,25,,,0
6029,'1495845',1453,,1809,25,,,0
6029,'1495847',1612,,1811,32,,,0
6029,'1495849',1732,,1813,32,,,0
