8019,'1495087',814,,1960,11,,,0
8019,'1495090',934,,1961,11,,,0
8019,'1495093',1054,,1962,11,,,0
8019,'1495096',1214,,1963,11,,,0
8019,'1495099',1334,,1964,11,,,0
8019,'1495102',1454,,1965,11,,,0
8019,'1495105',1614,,1966,11,,,0
8019,'1495108',1734,,1967,11,,,0
8019,'1495111',1854,,1968,11,,,0
8019,'1495114',2014,,1969,11,,,0
8019,'1495117',2134,,1970,11,,,0
8019,'1495190',1134,,1971,11,,,0
8019,'1495347',654,,1972,11,,,0
8019,'1495350',814,,1973,11,,,0
8019,'1495353',934,,1974,11,,,0
8019,'1495356',1054,,1975,11,,,0
8019,'1495359',1214,,1976,11,,,0
8019,'1495362',1334,,1977,11,,,0
8019,'1495365',1454,,1978,11,,,0
8019,'1495368',1614,,1979,11,,,0
8019,'1495371',1734,,1980,11,,,0
8019,'1495374',1854,,1981,11,,,0
8019,'1495377',2014,,1982,11,,,0
8019,'1495380',2134,,1983,11,,,0
8019,'1495733',2154,,1984,11,,,0
8019,'1495911',634,,1985,11,,,0
8019,'1495912',714,,1986,11,,,0
8019,'1495913',754,,1987,11,,,0
8019,'1495914',834,,1988,11,,,0
8019,'1495915',914,,1989,11,,,0
8019,'1495916',954,,1990,11,,,0
8019,'1495917',1034,,1991,11,,,0
8019,'1495918',1114,,1992,11,,,0
8019,'1495919',1154,,1993,11,,,0
8019,'1495920',1234,,1994,11,,,0
8019,'1495921',1314,,1995,11,,,0
8019,'1495922',1354,,1996,11,,,0
8019,'1495923',1434,,1997,11,,,0
8019,'1495924',1514,,1998,11,,,0
8019,'1495925',1554,,1999,11,,,0
8019,'1495926',1634,,2000,11,,,0
8019,'1495927',1714,,2001,11,,,0
8019,'1495928',1754,,2002,11,,,0
8019,'1495929',1834,,2003,11,,,0
8019,'1495930',1914,,2004,11,,,0
8019,'1495931',1954,,2005,11,,,0
8019,'1495932',2034,,2006,11,,,0
140000019,'1495223',2301,,2230,37,,,0
140000019,'1495507',2401,,2231,37,,,0
140000019,'1495910',2401,,2232,37,,,0
