4029,'1495086',749,,1654,3,,,0
4029,'1495089',909,,1655,3,,,0
4029,'1495092',1029,,1656,3,,,0
4029,'1495095',1149,,1657,3,,,0
4029,'1495098',1309,,1658,3,,,0
4029,'1495101',1429,,1659,3,,,0
4029,'1495104',1549,,1660,3,,,0
4029,'1495107',1709,,1661,3,,,0
4029,'1495110',1829,,1662,3,,,0
4029,'1495113',1949,,1663,3,,,0
4029,'1495116',2109,,1664,3,,,0
4029,'1495346',629,,1665,3,,,0
4029,'1495349',749,,1666,3,,,0
4029,'1495352',909,,1667,3,,,0
4029,'1495355',1029,,1668,3,,,0
4029,'1495358',1149,,1669,3,,,0
4029,'1495361',1309,,1670,3,,,0
4029,'1495364',1429,,1671,3,,,0
4029,'1495367',1549,,1672,3,,,0
4029,'1495370',1709,,1673,3,,,0
4029,'1495373',1829,,1674,3,,,0
4029,'1495376',1949,,1675,3,,,0
4029,'1495379',2109,,1676,3,,,0
4029,'1495382',2229,,1677,3,,,0
4029,'1495384',2309,,1678,3,,,0
4029,'1495686',609,,1679,3,,,0
4029,'1495688',649,,1680,3,,,0
4029,'1495690',729,,1681,3,,,0
4029,'1495692',809,,1682,3,,,0
4029,'1495694',849,,1683,3,,,0
4029,'1495696',929,,1684,3,,,0
4029,'1495698',1009,,1685,3,,,0
4029,'1495700',1049,,1686,3,,,0
4029,'1495702',1129,,1687,3,,,0
4029,'1495704',1209,,1688,3,,,0
4029,'1495706',1249,,1689,3,,,0
4029,'1495708',1329,,1690,3,,,0
4029,'1495710',1409,,1691,3,,,0
4029,'1495712',1449,,1692,3,,,0
4029,'1495714',1529,,1693,3,,,0
4029,'1495716',1609,,1694,3,,,0
4029,'1495718',1649,,1695,3,,,0
4029,'1495720',1729,,1696,3,,,0
4029,'1495722',1809,,1697,3,,,0
4029,'1495724',1849,,1698,3,,,0
4029,'1495726',1929,,1699,3,,,0
4029,'1495728',2009,,1700,3,,,0
4029,'1495730',2049,,1701,3,,,0
4029,'1495732',2129,,1702,3,,,0
4029,'1495735',2249,,1703,3,,,0
