6029,'1495148',714,,1736,16,,,0
6029,'1495149',757,,1737,16,0,5,0
6029,'1495150',834,,1738,16,,,0
6029,'1495163',1517,,1745,16,0,5,0
6029,'1495164',1554,,1746,16,,,0
6029,'1495165',1637,,1747,16,0,5,0
6029,'1495166',1714,,1748,16,,,0
6029,'1495167',1757,,1749,16,0,5,0
6029,'1495168',1834,,1750,16,,,0
6029,'1495169',1917,,1751,16,0,5,0
6029,'1495170',1954,,1752,16,,,0
6029,'1495419',614,,1754,16,,,0
6029,'1495420',657,,1755,16,0,5,0
6029,'1495421',734,,1756,16,,,0
6029,'1495434',1417,,1763,16,0,5,0
6029,'1495435',1454,,1764,16,,,0
6029,'1495436',1537,,1765,16,0,5,0
6029,'1495437',1614,,1766,16,,,0
6029,'1495438',1657,,1767,16,0,5,0
6029,'1495439',1734,,1768,16,,,0
6029,'1495440',1817,,1769,16,0,5,0
6029,'1495441',1854,,1770,16,,,0
6029,'1495442',1937,,1771,16,0,5,0
6029,'1495796',514,,1775,16,,,0
6029,'1495797',557,,1776,16,0,5,0
6029,'1495798',634,,1777,16,,,0
6029,'1495799',717,,1778,16,0,5,0
6029,'1495800',754,,1779,16,,,0
6029,'1495801',837,,1780,16,0,5,0
6029,'1495814',1514,,1787,16,,,0
6029,'1495815',1557,,1788,16,0,5,0
6029,'1495816',1634,,1789,16,,,0
6029,'1495817',1717,,1790,16,0,5,0
6029,'1495818',1754,,1791,16,,,0
6029,'1495819',1837,,1792,16,0,5,0
6029,'1495820',1914,,1793,16,,,0
6029,'1495821',1957,,1794,16,0,5,0
6029,'1495828',517,,1798,16,0,5,0
6029,'1495829',554,,1799,16,,,0
6029,'1495830',637,,1800,16,0,5,0
6029,'1495831',714,,1801,16,,,0
6029,'1495832',757,,1802,16,0,5,0
6029,'1495833',834,,1803,16,,,0
6029,'1495846',1517,,1810,16,0,5,0
6029,'1495847',1554,,1811,16,,,0
6029,'1495848',1637,,1812,16,0,5,0
6029,'1495849',1714,,1813,16,,,0
6029,'1495850',1757,,1814,16,0,5,0
