6029,'1495148',701,,1736,2,,,0
6029,'1495150',821,,1738,2,,,0
6029,'1495152',931,,1739,2,,,0
6029,'1495154',1031,,1740,2,,,0
6029,'1495156',1131,,1741,2,,,0
6029,'1495158',1231,,1742,2,,,0
6029,'1495160',1331,,1743,2,,,0
6029,'1495162',1431,,1744,2,,,0
6029,'1495164',1541,,1746,2,,,0
6029,'1495166',1701,,1748,2,,,0
6029,'1495168',1821,,1750,2,,,0
6029,'1495170',1941,,1752,2,,,0
6029,'1495172',2101,,1753,2,,,0
6029,'1495419',601,,1754,2,,,0
6029,'1495421',721,,1756,2,,,0
6029,'1495423',831,,1757,2,,,0
6029,'1495425',931,,1758,2,,,0
6029,'1495427',1031,,1759,2,,,0
6029,'1495429',1131,,1760,2,,,0
6029,'1495431',1231,,1761,2,,,0
6029,'1495433',1331,,1762,2,,,0
6029,'1495435',1441,,1764,2,,,0
6029,'1495437',1601,,1766,2,,,0
6029,'1495439',1721,,1768,2,,,0
6029,'1495441',1841,,1770,2,,,0
6029,'1495443',2001,,1772,2,,,0
6029,'1495445',2101,,1773,2,,,0
6029,'1495447',2201,,1774,2,,,0
6029,'1495796',501,,1775,2,,,0
6029,'1495798',621,,1777,2,,,0
6029,'1495800',741,,1779,2,,,0
6029,'1495802',901,,1781,2,,,0
6029,'1495804',1001,,1782,2,,,0
6029,'1495806',1101,,1783,2,,,0
6029,'1495808',1201,,1784,2,,,0
6029,'1495810',1301,,1785,2,,,0
6029,'1495812',1401,,1786,2,,,0
6029,'1495814',1501,,1787,2,,,0
6029,'1495816',1621,,1789,2,,,0
6029,'1495818',1741,,1791,2,,,0
6029,'1495820',1901,,1793,2,,,0
6029,'1495822',2031,,1795,2,,,0
6029,'1495824',2131,,1796,2,,,0
6029,'1495826',2231,,1797,2,,,0
6029,'1495829',541,,1799,2,,,0
6029,'1495831',701,,1801,2,,,0
6029,'1495833',821,,1803,2,,,0
6029,'1495835',931,,1804,2,,,0
6029,'1495837',1031,,1805,2,,,0
6029,'1495839',1131,,1806,2,,,0
6029,'1495841',1231,,1807,2,,,0
6029,'1495843',1331,,1808,2,,,0
6029,'1495845',1431,,1809,2,,,0
6029,'1495847',1541,,1811,2,,,0
6029,'1495849',1701,,1813,2,,,0
