8019,'1495087',832,,1960,25,,,0
8019,'1495090',952,,1961,25,,,0
8019,'1495093',1112,,1962,25,,,0
8019,'1495096',1232,,1963,25,,,0
8019,'1495099',1352,,1964,25,,,0
8019,'1495102',1512,,1965,25,,,0
8019,'1495105',1632,,1966,25,,,0
8019,'1495108',1752,,1967,25,,,0
8019,'1495111',1912,,1968,25,,,0
8019,'1495114',2032,,1969,25,,,0
8019,'1495117',2152,,1970,25,,,0
8019,'1495190',1152,,1971,25,,,0
8019,'1495347',712,,1972,25,,,0
8019,'1495350',832,,1973,25,,,0
8019,'1495353',952,,1974,25,,,0
8019,'1495356',1112,,1975,25,,,0
8019,'1495359',1232,,1976,25,,,0
8019,'1495362',1352,,1977,25,,,0
8019,'1495365',1512,,1978,25,,,0
8019,'1495368',1632,,1979,25,,,0
8019,'1495371',1752,,1980,25,,,0
8019,'1495374',1912,,1981,25,,,0
8019,'1495377',2032,,1982,25,,,0
8019,'1495380',2152,,1983,25,,,0
8019,'1495733',2212,,1984,25,,,0
8019,'1495911',652,,1985,25,,,0
8019,'1495912',732,,1986,25,,,0
8019,'1495913',812,,1987,25,,,0
8019,'1495914',852,,1988,25,,,0
8019,'1495915',932,,1989,25,,,0
8019,'1495916',1012,,1990,25,,,0
8019,'1495917',1052,,1991,25,,,0
8019,'1495918',1132,,1992,25,,,0
8019,'1495919',1212,,1993,25,,,0
8019,'1495920',1252,,1994,25,,,0
8019,'1495921',1332,,1995,25,,,0
8019,'1495922',1412,,1996,25,,,0
8019,'1495923',1452,,1997,25,,,0
8019,'1495924',1532,,1998,25,,,0
8019,'1495925',1612,,1999,25,,,0
8019,'1495926',1652,,2000,25,,,0
8019,'1495927',1732,,2001,25,,,0
8019,'1495928',1812,,2002,25,,,0
8019,'1495929',1852,,2003,25,,,0
8019,'1495930',1932,,2004,25,,,0
8019,'1495931',2012,,2005,25,,,0
8019,'1495932',2052,,2006,25,,,0
