4019,'1495085',730,,1604,12,,,0
4019,'1495088',850,,1605,12,,,0
4019,'1495091',1010,,1606,12,,,0
4019,'1495094',1130,,1607,12,,,0
4019,'1495097',1250,,1608,12,,,0
4019,'1495100',1410,,1609,12,,,0
4019,'1495103',1530,,1610,12,,,0
4019,'1495106',1650,,1611,12,,,0
4019,'1495109',1810,,1612,12,,,0
4019,'1495112',1930,,1613,12,,,0
4019,'1495115',2050,,1614,12,,,0
4019,'1495345',610,,1615,12,,,0
4019,'1495348',730,,1616,12,,,0
4019,'1495351',850,,1617,12,,,0
4019,'1495354',1010,,1618,12,,,0
4019,'1495357',1130,,1619,12,,,0
4019,'1495360',1250,,1620,12,,,0
4019,'1495363',1410,,1621,12,,,0
4019,'1495366',1530,,1622,12,,,0
4019,'1495369',1650,,1623,12,,,0
4019,'1495372',1810,,1624,12,,,0
4019,'1495375',1930,,1625,12,,,0
4019,'1495378',2050,,1626,12,,,0
4019,'1495381',2210,,1627,12,,,0
4019,'1495383',2250,,1628,12,,,0
4019,'1495685',550,,1629,12,,,0
4019,'1495687',630,,1630,12,,,0
4019,'1495689',710,,1631,12,,,0
4019,'1495691',750,,1632,12,,,0
4019,'1495693',830,,1633,12,,,0
4019,'1495695',910,,1634,12,,,0
4019,'1495697',950,,1635,12,,,0
4019,'1495699',1030,,1636,12,,,0
4019,'1495701',1110,,1637,12,,,0
4019,'1495703',1150,,1638,12,,,0
4019,'1495705',1230,,1639,12,,,0
4019,'1495707',1310,,1640,12,,,0
4019,'1495709',1350,,1641,12,,,0
4019,'1495711',1430,,1642,12,,,0
4019,'1495713',1510,,1643,12,,,0
4019,'1495715',1550,,1644,12,,,0
4019,'1495717',1630,,1645,12,,,0
4019,'1495719',1710,,1646,12,,,0
4019,'1495721',1750,,1647,12,,,0
4019,'1495723',1830,,1648,12,,,0
4019,'1495725',1910,,1649,12,,,0
4019,'1495727',1950,,1650,12,,,0
4019,'1495729',2030,,1651,12,,,0
4019,'1495731',2110,,1652,12,,,0
4019,'1495734',2230,,1653,12,,,0
140000019,'1495223',2305,,2230,43,,,0
140000019,'1495507',2405,,2231,43,,,0
140000019,'1495910',2405,,2232,43,,,0
