7029,'1495174',703,,1886,3,,,0
7029,'1495178',803,,1887,3,,,0
7029,'1495182',903,,1888,3,,,0
7029,'1495186',1004,,1889,3,,,0
7029,'1495188',1044,,1890,3,,,0
7029,'1495191',1204,,1891,3,,,0
7029,'1495193',1244,,1892,3,,,0
7029,'1495195',1324,,1893,3,,,0
7029,'1495197',1404,,1894,3,,,0
7029,'1495199',1444,,1895,3,,,0
7029,'1495201',1524,,1896,3,,,0
7029,'1495203',1604,,1897,3,,,0
7029,'1495205',1644,,1898,3,,,0
7029,'1495207',1724,,1899,3,,,0
7029,'1495209',1803,,1900,3,,,0
7029,'1495211',1833,,1901,3,,,0
7029,'1495214',1933,,1902,3,,,0
7029,'1495217',2033,,1903,3,,,0
7029,'1495220',2133,,1904,3,,,0
7029,'1495222',2203,,1905,3,,,0
7029,'1495449',633,,1906,3,,,0
7029,'1495452',733,,1907,3,,,0
7029,'1495456',833,,1908,3,,,0
7029,'1495458',903,,1909,3,,,0
7029,'1495460',933,,1910,3,,,0
7029,'1495462',1004,,1911,3,,,0
7029,'1495464',1044,,1912,3,,,0
7029,'1495466',1124,,1913,3,,,0
7029,'1495468',1204,,1914,3,,,0
7029,'1495470',1244,,1915,3,,,0
7029,'1495472',1324,,1916,3,,,0
7029,'1495474',1404,,1917,3,,,0
7029,'1495476',1444,,1918,3,,,0
7029,'1495478',1524,,1919,3,,,0
7029,'1495480',1604,,1920,3,,,0
7029,'1495482',1644,,1921,3,,,0
7029,'1495484',1724,,1922,3,,,0
7029,'1495486',1803,,1923,3,,,0
7029,'1495488',1833,,1924,3,,,0
7029,'1495492',1933,,1925,3,,,0
7029,'1495496',2033,,1926,3,,,0
7029,'1495500',2133,,1927,3,,,0
7029,'1495504',2233,,1928,3,,,0
7029,'1495506',2303,,1929,3,,,0
7029,'1495851',603,,1930,3,,,0
7029,'1495853',633,,1931,3,,,0
7029,'1495855',703,,1932,3,,,0
7029,'1495857',733,,1933,3,,,0
7029,'1495859',803,,1934,3,,,0
7029,'1495861',833,,1935,3,,,0
7029,'1495863',904,,1936,3,,,0
7029,'1495865',944,,1937,3,,,0
7029,'1495867',1024,,1938,3,,,0
7029,'1495869',1104,,1939,3,,,0
7029,'1495871',1144,,1940,3,,,0
7029,'1495873',1224,,1941,3,,,0
7029,'1495875',1304,,1942,3,,,0
7029,'1495877',1344,,1943,3,,,0
7029,'1495879',1424,,1944,3,,,0
7029,'1495881',1504,,1945,3,,,0
7029,'1495883',1544,,1946,3,,,0
7029,'1495885',1624,,1947,3,,,0
7029,'1495887',1704,,1948,3,,,0
7029,'1495889',1744,,1949,3,,,0
7029,'1495891',1824,,1950,3,,,0
7029,'1495893',1903,,1951,3,,,0
7029,'1495895',1933,,1952,3,,,0
7029,'1495897',2003,,1953,3,,,0
7029,'1495899',2033,,1954,3,,,0
7029,'1495901',2103,,1955,3,,,0
7029,'1495903',2133,,1956,3,,,0
7029,'1495905',2203,,1957,3,,,0
7029,'1495907',2233,,1958,3,,,0
7029,'1495909',2303,,1959,3,,,0
10003019,'1495063',804,,2007,3,,,0
10003019,'1495065',904,,2008,3,,,0
10003019,'1495067',1004,,2009,3,,,0
10003019,'1495069',1104,,2010,3,,,0
10003019,'1495071',1204,,2011,3,,,0
10003019,'1495073',1304,,2012,3,,,0
10003019,'1495075',1404,,2013,3,,,0
10003019,'1495077',1504,,2014,3,,,0
10003019,'1495079',1604,,2015,3,,,0
10003019,'1495081',1704,,2016,3,,,0
10003019,'1495083',1804,,2017,3,,,0
10003019,'1495213',1904,,2018,3,,,0
10003019,'1495219',2104,,2019,3,,,0
10003019,'1495317',804,,2020,3,,,0
10003019,'1495319',904,,2021,3,,,0
10003019,'1495321',1004,,2022,3,,,0
10003019,'1495323',1104,,2023,3,,,0
10003019,'1495325',1204,,2024,3,,,0
10003019,'1495327',1304,,2025,3,,,0
10003019,'1495329',1404,,2026,3,,,0
10003019,'1495331',1504,,2027,3,,,0
10003019,'1495333',1604,,2028,3,,,0
10003019,'1495335',1704,,2029,3,,,0
10003019,'1495337',1804,,2030,3,,,0
10003019,'1495339',1904,,2031,3,,,0
10003019,'1495341',2004,,2032,3,,,0
10003019,'1495343',2104,,2033,3,,,0
10003019,'1495451',704,,2034,3,,,0
10003019,'1495630',634,,2035,3,,,0
10003019,'1495632',734,,2036,3,,,0
10003019,'1495633',804,,2037,3,,,0
10003019,'1495634',834,,2038,3,,,0
10003019,'1495635',904,,2039,3,,,0
10003019,'1495636',934,,2040,3,,,0
10003019,'1495637',1004,,2041,3,,,0
10003019,'1495638',1034,,2042,3,,,0
10003019,'1495639',1104,,2043,3,,,0
10003019,'1495640',1134,,2044,3,,,0
10003019,'1495641',1204,,2045,3,,,0
10003019,'1495642',1234,,2046,3,,,0
10003019,'1495643',1304,,2047,3,,,0
10003019,'1495644',1334,,2048,3,,,0
10003019,'1495646',1434,,2049,3,,,0
10003019,'1495648',1534,,2050,3,,,0
10003019,'1495650',1634,,2051,3,,,0
10003019,'1495652',1734,,2052,3,,,0
10003019,'1495654',1834,,2053,3,,,0
10003019,'1495656',1934,,2054,3,,,0
10003019,'1495658',2034,,2055,3,,,0
10003019,'1495660',2134,,2056,3,,,0
