10005019,'1495119',742,,2057,12,,,0
10005019,'1495121',842,,2058,12,,,0
10005019,'1495123',942,,2059,12,,,0
10005019,'1495125',1042,,2060,12,,,0
10005019,'1495127',1142,,2061,12,,,0
10005019,'1495129',1242,,2062,12,,,0
10005019,'1495131',1342,,2063,12,,,0
10005019,'1495133',1442,,2064,12,,,0
10005019,'1495135',1542,,2065,12,,,0
10005019,'1495137',1642,,2066,12,,,0
10005019,'1495139',1742,,2067,12,,,0
10005019,'1495141',1842,,2068,12,,,0
10005019,'1495143',1942,,2069,12,,,0
10005019,'1495145',2042,,2070,12,,,0
10005019,'1495147',2142,,2071,12,,,0
10005019,'1495386',642,,2072,12,,,0
10005019,'1495388',742,,2073,12,,,0
10005019,'1495390',842,,2074,12,,,0
10005019,'1495392',942,,2075,12,,,0
10005019,'1495394',1042,,2076,12,,,0
10005019,'1495396',1142,,2077,12,,,0
10005019,'1495398',1242,,2078,12,,,0
10005019,'1495400',1342,,2079,12,,,0
10005019,'1495402',1442,,2080,12,,,0
10005019,'1495404',1542,,2081,12,,,0
10005019,'1495406',1642,,2082,12,,,0
10005019,'1495408',1742,,2083,12,,,0
10005019,'1495410',1842,,2084,12,,,0
10005019,'1495412',1942,,2085,12,,,0
10005019,'1495414',2042,,2086,12,,,0
10005019,'1495416',2142,,2087,12,,,0
10005019,'1495418',2242,,2088,12,,,0
10005019,'1495736',712,,2089,12,,,0
10005019,'1495737',742,,2090,12,,,0
10005019,'1495738',812,,2091,12,,,0
10005019,'1495739',842,,2092,12,,,0
10005019,'1495740',912,,2093,12,,,0
10005019,'1495741',942,,2094,12,,,0
10005019,'1495742',1012,,2095,12,,,0
10005019,'1495743',1042,,2096,12,,,0
10005019,'1495744',1112,,2097,12,,,0
10005019,'1495745',1142,,2098,12,,,0
10005019,'1495746',1212,,2099,12,,,0
10005019,'1495747',1242,,2100,12,,,0
10005019,'1495748',1312,,2101,12,,,0
10005019,'1495749',1342,,2102,12,,,0
10005019,'1495750',1412,,2103,12,,,0
10005019,'1495751',1442,,2104,12,,,0
10005019,'1495752',1512,,2105,12,,,0
10005019,'1495753',1542,,2106,12,,,0
10005019,'1495754',1612,,2107,12,,,0
10005019,'1495755',1642,,2108,12,,,0
10005019,'1495756',1712,,2109,12,,,0
10005019,'1495757',1742,,2110,12,,,0
10005019,'1495758',1812,,2111,12,,,0
10005019,'1495759',1842,,2112,12,,,0
10005019,'1495761',1942,,2113,12,,,0
10005019,'1495763',2042,,2114,12,,,0
10005019,'1495765',2142,,2115,12,,,0
10005019,'1495767',2242,,2116,12,,,0
10005019,'1495769',542,,2117,12,,,0
10005019,'1495771',642,,2118,12,,,0
