6019,'1495151',903,,1704,3,,,0
6019,'1495153',1003,,1705,3,,,0
6019,'1495155',1103,,1706,3,,,0
6019,'1495157',1203,,1707,3,,,0
6019,'1495159',1303,,1708,3,,,0
6019,'1495161',1403,,1709,3,,,0
6019,'1495171',2033,,1710,3,,,0
6019,'1495173',2133,,1711,3,,,0
6019,'1495422',803,,1712,3,,,0
6019,'1495424',903,,1713,3,,,0
6019,'1495426',1003,,1714,3,,,0
6019,'1495428',1103,,1715,3,,,0
6019,'1495430',1203,,1716,3,,,0
6019,'1495432',1303,,1717,3,,,0
6019,'1495444',2033,,1718,3,,,0
6019,'1495446',2133,,1719,3,,,0
6019,'1495448',2233,,1720,3,,,0
6019,'1495803',933,,1721,3,,,0
6019,'1495805',1033,,1722,3,,,0
6019,'1495807',1133,,1723,3,,,0
6019,'1495809',1233,,1724,3,,,0
6019,'1495811',1333,,1725,3,,,0
6019,'1495813',1433,,1726,3,,,0
6019,'1495823',2103,,1727,3,,,0
6019,'1495825',2203,,1728,3,,,0
6019,'1495827',2303,,1729,3,,,0
6019,'1495834',903,,1730,3,,,0
6019,'1495836',1003,,1731,3,,,0
6019,'1495838',1103,,1732,3,,,0
6019,'1495840',1203,,1733,3,,,0
6019,'1495842',1303,,1734,3,,,0
6019,'1495844',1403,,1735,3,,,0
6029,'1495149',743,,1737,3,0,5,0
6029,'1495163',1503,,1745,3,0,5,0
6029,'1495165',1623,,1747,3,0,5,0
6029,'1495167',1743,,1749,3,0,5,0
6029,'1495169',1903,,1751,3,0,5,0
6029,'1495420',643,,1755,3,0,5,0
6029,'1495434',1403,,1763,3,0,5,0
6029,'1495436',1523,,1765,3,0,5,0
6029,'1495438',1643,,1767,3,0,5,0
6029,'1495440',1803,,1769,3,0,5,0
6029,'1495442',1923,,1771,3,0,5,0
6029,'1495797',543,,1776,3,0,5,0
6029,'1495799',703,,1778,3,0,5,0
6029,'1495801',823,,1780,3,0,5,0
6029,'1495815',1543,,1788,3,0,5,0
6029,'1495817',1703,,1790,3,0,5,0
6029,'1495819',1823,,1792,3,0,5,0
6029,'1495821',1943,,1794,3,0,5,0
6029,'1495828',503,,1798,3,0,5,0
6029,'1495830',623,,1800,3,0,5,0
6029,'1495832',743,,1802,3,0,5,0
6029,'1495846',1503,,1810,3,0,5,0
6029,'1495848',1623,,1812,3,0,5,0
6029,'1495850',1743,,1814,3,0,5,0
7019,'1495175',719,,1815,3,,,0
7019,'1495179',819,,1816,3,,,0
7019,'1495183',919,,1817,3,,,0
7019,'1495187',1025,,1818,3,,,0
7019,'1495189',1105,,1819,3,,,0
7019,'1495192',1225,,1820,3,,,0
7019,'1495194',1305,,1821,3,,,0
7019,'1495196',1345,,1822,3,,,0
7019,'1495198',1425,,1823,3,,,0
7019,'1495200',1505,,1824,3,,,0
7019,'1495202',1545,,1825,3,,,0
7019,'1495204',1625,,1826,3,,,0
7019,'1495206',1705,,1827,3,,,0
7019,'1495208',1745,,1828,3,,,0
7019,'1495210',1819,,1829,3,,,0
7019,'1495212',1849,,1830,3,,,0
7019,'1495215',1949,,1831,3,,,0
7019,'1495218',2049,,1832,3,,,0
7019,'1495221',2149,,1833,3,,,0
7019,'1495450',649,,1834,3,,,0
7019,'1495453',749,,1835,3,,,0
7019,'1495457',849,,1836,3,,,0
7019,'1495459',919,,1837,3,,,0
7019,'1495461',949,,1838,3,,,0
7019,'1495463',1025,,1839,3,,,0
7019,'1495465',1105,,1840,3,,,0
7019,'1495467',1145,,1841,3,,,0
7019,'1495469',1225,,1842,3,,,0
7019,'1495471',1305,,1843,3,,,0
7019,'1495473',1345,,1844,3,,,0
7019,'1495475',1425,,1845,3,,,0
7019,'1495477',1505,,1846,3,,,0
7019,'1495479',1545,,1847,3,,,0
7019,'1495481',1625,,1848,3,,,0
7019,'1495483',1705,,1849,3,,,0
7019,'1495485',1745,,1850,3,,,0
7019,'1495487',1819,,1851,3,,,0
7019,'1495489',1849,,1852,3,,,0
7019,'1495493',1949,,1853,3,,,0
7019,'1495497',2049,,1854,3,,,0
7019,'1495501',2149,,1855,3,,,0
7019,'1495505',2249,,1856,3,,,0
7019,'1495852',619,,1857,3,,,0
7019,'1495854',649,,1858,3,,,0
7019,'1495856',719,,1859,3,,,0
7019,'1495858',749,,1860,3,,,0
7019,'1495860',819,,1861,3,,,0
7019,'1495862',849,,1862,3,,,0
7019,'1495864',925,,1863,3,,,0
7019,'1495866',1005,,1864,3,,,0
7019,'1495868',1045,,1865,3,,,0
7019,'1495870',1125,,1866,3,,,0
7019,'1495872',1205,,1867,3,,,0
7019,'1495874',1245,,1868,3,,,0
7019,'1495876',1325,,1869,3,,,0
7019,'1495878',1405,,1870,3,,,0
7019,'1495880',1445,,1871,3,,,0
7019,'1495882',1525,,1872,3,,,0
7019,'1495884',1605,,1873,3,,,0
7019,'1495886',1645,,1874,3,,,0
7019,'1495888',1725,,1875,3,,,0
7019,'1495890',1805,,1876,3,,,0
7019,'1495892',1845,,1877,3,,,0
7019,'1495894',1919,,1878,3,,,0
7019,'1495896',1949,,1879,3,,,0
7019,'1495898',2019,,1880,3,,,0
7019,'1495900',2049,,1881,3,,,0
7019,'1495902',2119,,1882,3,,,0
7019,'1495904',2149,,1883,3,,,0
7019,'1495906',2219,,1884,3,,,0
7019,'1495908',2249,,1885,3,,,0
140000019,'1495223',2233,,2230,3,,,0
140000019,'1495507',2333,,2231,3,,,0
140000019,'1495910',2333,,2232,3,,,0
