30005019,'1495118',720,,2168,20,,,0
30005019,'1495120',820,,2169,20,,,0
30005019,'1495122',920,,2170,20,,,0
30005019,'1495124',1020,,2171,20,,,0
30005019,'1495126',1120,,2172,20,,,0
30005019,'1495128',1220,,2173,20,,,0
30005019,'1495130',1320,,2174,20,,,0
30005019,'1495132',1420,,2175,20,,,0
30005019,'1495134',1520,,2176,20,,,0
30005019,'1495136',1620,,2177,20,,,0
30005019,'1495138',1720,,2178,20,,,0
30005019,'1495140',1820,,2179,20,,,0
30005019,'1495142',1920,,2180,20,,,0
30005019,'1495144',2020,,2181,20,,,0
30005019,'1495146',2120,,2182,20,,,0
30005019,'1495385',620,,2183,20,,,0
30005019,'1495387',720,,2184,20,,,0
30005019,'1495389',820,,2185,20,,,0
30005019,'1495391',920,,2186,20,,,0
30005019,'1495393',1020,,2187,20,,,0
30005019,'1495395',1120,,2188,20,,,0
30005019,'1495397',1220,,2189,20,,,0
30005019,'1495399',1320,,2190,20,,,0
30005019,'1495401',1420,,2191,20,,,0
30005019,'1495403',1520,,2192,20,,,0
30005019,'1495405',1620,,2193,20,,,0
30005019,'1495407',1720,,2194,20,,,0
30005019,'1495409',1820,,2195,20,,,0
30005019,'1495411',1920,,2196,20,,,0
30005019,'1495413',2020,,2197,20,,,0
30005019,'1495415',2120,,2198,20,,,0
30005019,'1495417',2220,,2199,20,,,0
30005019,'1495760',1920,,2200,20,,,0
30005019,'1495762',2020,,2201,20,,,0
30005019,'1495764',2120,,2202,20,,,0
30005019,'1495766',2220,,2203,20,,,0
30005019,'1495768',520,,2204,20,,,0
30005019,'1495770',620,,2205,20,,,0
30005019,'1495772',720,,2206,20,,,0
30005019,'1495773',750,,2207,20,,,0
30005019,'1495774',820,,2208,20,,,0
30005019,'1495775',850,,2209,20,,,0
30005019,'1495776',920,,2210,20,,,0
30005019,'1495777',950,,2211,20,,,0
30005019,'1495778',1020,,2212,20,,,0
30005019,'1495779',1050,,2213,20,,,0
30005019,'1495780',1120,,2214,20,,,0
30005019,'1495781',1150,,2215,20,,,0
30005019,'1495782',1220,,2216,20,,,0
30005019,'1495783',1250,,2217,20,,,0
30005019,'1495784',1320,,2218,20,,,0
30005019,'1495785',1350,,2219,20,,,0
30005019,'1495786',1420,,2220,20,,,0
30005019,'1495787',1450,,2221,20,,,0
30005019,'1495788',1520,,2222,20,,,0
30005019,'1495789',1550,,2223,20,,,0
30005019,'1495790',1620,,2224,20,,,0
30005019,'1495791',1650,,2225,20,,,0
30005019,'1495792',1720,,2226,20,,,0
30005019,'1495793',1750,,2227,20,,,0
30005019,'1495794',1820,,2228,20,,,0
30005019,'1495795',1850,,2229,20,,,0
