2019,'1495006',701,,1426,2,,,0
2019,'1495008',731,,1427,2,,,0
2019,'1495010',801,,1428,2,,,0
2019,'1495012',831,,1429,2,,,0
2019,'1495014',901,,1430,2,,,0
2019,'1495016',931,,1431,2,,,0
2019,'1495018',1001,,1432,2,,,0
2019,'1495020',1031,,1433,2,,,0
2019,'1495022',1101,,1434,2,,,0
2019,'1495024',1141,,1435,2,,,0
2019,'1495026',1221,,1436,2,,,0
2019,'1495028',1301,,1437,2,,,0
2019,'1495030',1341,,1438,2,,,0
2019,'1495032',1421,,1439,2,,,0
2019,'1495034',1501,,1440,2,,,0
2019,'1495036',1541,,1441,2,,,0
2019,'1495038',1621,,1442,2,,,0
2019,'1495040',1701,,1443,2,,,0
2019,'1495042',1731,,1444,2,,,0
2019,'1495044',1801,,1445,2,,,0
2019,'1495048',1901,,1446,2,,,0
2019,'1495052',2001,,1447,2,,,0
2019,'1495056',2101,,1448,2,,,0
2019,'1495060',2201,,1449,2,,,0
2019,'1495226',631,,1450,2,,,0
2019,'1495230',731,,1451,2,,,0
2019,'1495232',801,,1452,2,,,0
2019,'1495234',831,,1453,2,,,0
2019,'1495236',901,,1454,2,,,0
2019,'1495238',931,,1455,2,,,0
2019,'1495240',1001,,1456,2,,,0
2019,'1495242',1031,,1457,2,,,0
2019,'1495244',1101,,1458,2,,,0
2019,'1495246',1141,,1459,2,,,0
2019,'1495248',1221,,1460,2,,,0
2019,'1495250',1301,,1461,2,,,0
2019,'1495252',1341,,1462,2,,,0
2019,'1495254',1421,,1463,2,,,0
2019,'1495256',1501,,1464,2,,,0
2019,'1495258',1541,,1465,2,,,0
2019,'1495260',1621,,1466,2,,,0
2019,'1495262',1701,,1467,2,,,0
2019,'1495264',1741,,1468,2,,,0
2019,'1495266',1821,,1469,2,,,0
2019,'1495268',1901,,1470,2,,,0
2019,'1495270',1931,,1471,2,,,0
2019,'1495272',2001,,1472,2,,,0
2019,'1495274',2031,,1473,2,,,0
2019,'1495276',2101,,1474,2,,,0
2019,'1495278',2131,,1475,2,,,0
2019,'1495280',2201,,1476,2,,,0
2019,'1495282',2231,,1477,2,,,0
2019,'1495566',2231,,1478,2,,,0
2019,'1495570',501,,1479,2,,,0
2019,'1495572',531,,1480,2,,,0
2019,'1495574',601,,1481,2,,,0
2019,'1495576',631,,1482,2,,,0
2019,'1495578',701,,1483,2,,,0
2019,'1495580',731,,1484,2,,,0
2019,'1495582',801,,1485,2,,,0
2019,'1495584',831,,1486,2,,,0
2019,'1495586',901,,1487,2,,,0
2019,'1495588',931,,1488,2,,,0
2019,'1495590',1001,,1489,2,,,0
2019,'1495592',1031,,1490,2,,,0
2019,'1495594',1101,,1491,2,,,0
2019,'1495596',1141,,1492,2,,,0
2019,'1495598',1221,,1493,2,,,0
2019,'1495600',1301,,1494,2,,,0
2019,'1495602',1341,,1495,2,,,0
2019,'1495604',1421,,1496,2,,,0
2019,'1495606',1501,,1497,2,,,0
2019,'1495608',1541,,1498,2,,,0
2019,'1495610',1621,,1499,2,,,0
2019,'1495612',1701,,1500,2,,,0
2019,'1495614',1741,,1501,2,,,0
2019,'1495616',1821,,1502,2,,,0
2019,'1495618',1901,,1503,2,,,0
2019,'1495620',1931,,1504,2,,,0
2019,'1495622',2001,,1505,2,,,0
2019,'1495624',2031,,1506,2,,,0
2019,'1495626',2101,,1507,2,,,0
2019,'1495628',2131,,1508,2,,,0
2019,'1495673',1401,,1509,2,,,0
2019,'1495675',1441,,1510,2,,,0
2019,'1495677',1521,,1511,2,,,0
2019,'1495679',1601,,1512,2,,,0
2019,'1495681',1641,,1513,2,,,0
2019,'1495683',1721,,1514,2,,,0
