1029,'1494979',1020,,1352,4,,,0
1029,'1494981',1050,,1353,4,,,0
1029,'1494983',1127,,1354,4,,,0
1029,'1494985',1207,,1355,4,,,0
1029,'1494987',1247,,1356,4,,,0
1029,'1494989',1327,,1357,4,,,0
1029,'1494991',1407,,1358,4,,,0
1029,'1494993',1447,,1359,4,,,0
1029,'1494995',1527,,1360,4,,,0
1029,'1494997',1607,,1361,4,,,0
1029,'1494999',1647,,1362,4,,,0
1029,'1495001',1720,,1363,4,,,0
1029,'1495003',1750,,1364,4,,,0
1029,'1495005',1820,,1365,4,,,0
1029,'1495047',1850,,1366,4,,,0
1029,'1495051',1950,,1367,4,,,0
1029,'1495055',2050,,1368,4,,,0
1029,'1495059',2150,,1369,4,,,0
1029,'1495177',750,,1370,4,,,0
1029,'1495181',850,,1371,4,,,0
1029,'1495185',950,,1372,4,,,0
1029,'1495225',620,,1373,4,,,0
1029,'1495229',720,,1374,4,,,0
1029,'1495285',920,,1375,4,,,0
1029,'1495287',950,,1376,4,,,0
1029,'1495289',1020,,1377,4,,,0
1029,'1495291',1050,,1378,4,,,0
1029,'1495293',1127,,1379,4,,,0
1029,'1495295',1207,,1380,4,,,0
1029,'1495297',1247,,1381,4,,,0
1029,'1495299',1327,,1382,4,,,0
1029,'1495301',1407,,1383,4,,,0
1029,'1495303',1447,,1384,4,,,0
1029,'1495305',1527,,1385,4,,,0
1029,'1495307',1607,,1386,4,,,0
1029,'1495309',1647,,1387,4,,,0
1029,'1495311',1727,,1388,4,,,0
1029,'1495313',1807,,1389,4,,,0
1029,'1495315',1847,,1390,4,,,0
1029,'1495455',820,,1391,4,,,0
1029,'1495491',1920,,1392,4,,,0
1029,'1495495',2020,,1393,4,,,0
1029,'1495499',2120,,1394,4,,,0
1029,'1495503',2220,,1395,4,,,0
1029,'1495509',620,,1396,4,,,0
1029,'1495511',650,,1397,4,,,0
1029,'1495513',720,,1398,4,,,0
1029,'1495515',750,,1399,4,,,0
1029,'1495517',820,,1400,4,,,0
1029,'1495519',850,,1401,4,,,0
1029,'1495521',920,,1402,4,,,0
1029,'1495523',950,,1403,4,,,0
1029,'1495525',1020,,1404,4,,,0
1029,'1495527',1050,,1405,4,,,0
1029,'1495529',1127,,1406,4,,,0
1029,'1495531',1207,,1407,4,,,0
1029,'1495533',1247,,1408,4,,,0
1029,'1495535',1327,,1409,4,,,0
1029,'1495537',1407,,1410,4,,,0
1029,'1495539',1447,,1411,4,,,0
1029,'1495541',1527,,1412,4,,,0
1029,'1495543',1607,,1413,4,,,0
1029,'1495545',1647,,1414,4,,,0
1029,'1495547',1727,,1415,4,,,0
1029,'1495549',1807,,1416,4,,,0
1029,'1495551',1847,,1417,4,,,0
1029,'1495553',1920,,1418,4,,,0
1029,'1495555',1950,,1419,4,,,0
1029,'1495557',2020,,1420,4,,,0
1029,'1495559',2050,,1421,4,,,0
1029,'1495561',2120,,1422,4,,,0
1029,'1495563',2150,,1423,4,,,0
1029,'1495565',2220,,1424,4,,,0
1029,'1495569',2320,,1425,4,,,0
