6029,'1495148',715,,1736,17,,,0
6029,'1495149',758,,1737,17,0,5,0
6029,'1495150',835,,1738,17,,,0
6029,'1495163',1518,,1745,17,0,5,0
6029,'1495164',1555,,1746,17,,,0
6029,'1495165',1638,,1747,17,0,5,0
6029,'1495166',1715,,1748,17,,,0
6029,'1495167',1758,,1749,17,0,5,0
6029,'1495168',1835,,1750,17,,,0
6029,'1495169',1918,,1751,17,0,5,0
6029,'1495170',1955,,1752,17,,,0
6029,'1495419',615,,1754,17,,,0
6029,'1495420',658,,1755,17,0,5,0
6029,'1495421',735,,1756,17,,,0
6029,'1495434',1418,,1763,17,0,5,0
6029,'1495435',1455,,1764,17,,,0
6029,'1495436',1538,,1765,17,0,5,0
6029,'1495437',1615,,1766,17,,,0
6029,'1495438',1658,,1767,17,0,5,0
6029,'1495439',1735,,1768,17,,,0
6029,'1495440',1818,,1769,17,0,5,0
6029,'1495441',1855,,1770,17,,,0
6029,'1495442',1938,,1771,17,0,5,0
6029,'1495796',515,,1775,17,,,0
6029,'1495797',558,,1776,17,0,5,0
6029,'1495798',635,,1777,17,,,0
6029,'1495799',718,,1778,17,0,5,0
6029,'1495800',755,,1779,17,,,0
6029,'1495801',838,,1780,17,0,5,0
6029,'1495814',1515,,1787,17,,,0
6029,'1495815',1558,,1788,17,0,5,0
6029,'1495816',1635,,1789,17,,,0
6029,'1495817',1718,,1790,17,0,5,0
6029,'1495818',1755,,1791,17,,,0
6029,'1495819',1838,,1792,17,0,5,0
6029,'1495820',1915,,1793,17,,,0
6029,'1495821',1958,,1794,17,0,5,0
6029,'1495828',518,,1798,17,0,5,0
6029,'1495829',555,,1799,17,,,0
6029,'1495830',638,,1800,17,0,5,0
6029,'1495831',715,,1801,17,,,0
6029,'1495832',758,,1802,17,0,5,0
6029,'1495833',835,,1803,17,,,0
6029,'1495846',1518,,1810,17,0,5,0
6029,'1495847',1555,,1811,17,,,0
6029,'1495848',1638,,1812,17,0,5,0
6029,'1495849',1715,,1813,17,,,0
6029,'1495850',1758,,1814,17,0,5,0
