8019,'1495087',826,,1960,19,,,0
8019,'1495090',946,,1961,19,,,0
8019,'1495093',1106,,1962,19,,,0
8019,'1495096',1226,,1963,19,,,0
8019,'1495099',1346,,1964,19,,,0
8019,'1495102',1506,,1965,19,,,0
8019,'1495105',1626,,1966,19,,,0
8019,'1495108',1746,,1967,19,,,0
8019,'1495111',1906,,1968,19,,,0
8019,'1495114',2026,,1969,19,,,0
8019,'1495117',2146,,1970,19,,,0
8019,'1495190',1146,,1971,19,,,0
8019,'1495347',706,,1972,19,,,0
8019,'1495350',826,,1973,19,,,0
8019,'1495353',946,,1974,19,,,0
8019,'1495356',1106,,1975,19,,,0
8019,'1495359',1226,,1976,19,,,0
8019,'1495362',1346,,1977,19,,,0
8019,'1495365',1506,,1978,19,,,0
8019,'1495368',1626,,1979,19,,,0
8019,'1495371',1746,,1980,19,,,0
8019,'1495374',1906,,1981,19,,,0
8019,'1495377',2026,,1982,19,,,0
8019,'1495380',2146,,1983,19,,,0
8019,'1495733',2206,,1984,19,,,0
8019,'1495911',646,,1985,19,,,0
8019,'1495912',726,,1986,19,,,0
8019,'1495913',806,,1987,19,,,0
8019,'1495914',846,,1988,19,,,0
8019,'1495915',926,,1989,19,,,0
8019,'1495916',1006,,1990,19,,,0
8019,'1495917',1046,,1991,19,,,0
8019,'1495918',1126,,1992,19,,,0
8019,'1495919',1206,,1993,19,,,0
8019,'1495920',1246,,1994,19,,,0
8019,'1495921',1326,,1995,19,,,0
8019,'1495922',1406,,1996,19,,,0
8019,'1495923',1446,,1997,19,,,0
8019,'1495924',1526,,1998,19,,,0
8019,'1495925',1606,,1999,19,,,0
8019,'1495926',1646,,2000,19,,,0
8019,'1495927',1726,,2001,19,,,0
8019,'1495928',1806,,2002,19,,,0
8019,'1495929',1846,,2003,19,,,0
8019,'1495930',1926,,2004,19,,,0
8019,'1495931',2006,,2005,19,,,0
8019,'1495932',2046,,2006,19,,,0
