6019,'1495151',918,,1704,18,,,0
6019,'1495153',1018,,1705,18,,,0
6019,'1495155',1118,,1706,18,,,0
6019,'1495157',1218,,1707,18,,,0
6019,'1495159',1318,,1708,18,,,0
6019,'1495161',1418,,1709,18,,,0
6019,'1495171',2048,,1710,18,,,0
6019,'1495173',2148,,1711,18,,,0
6019,'1495422',818,,1712,18,,,0
6019,'1495424',918,,1713,18,,,0
6019,'1495426',1018,,1714,18,,,0
6019,'1495428',1118,,1715,18,,,0
6019,'1495430',1218,,1716,18,,,0
6019,'1495432',1318,,1717,18,,,0
6019,'1495444',2048,,1718,18,,,0
6019,'1495446',2148,,1719,18,,,0
6019,'1495448',2248,,1720,18,,,0
6019,'1495803',948,,1721,18,,,0
6019,'1495805',1048,,1722,18,,,0
6019,'1495807',1148,,1723,18,,,0
6019,'1495809',1248,,1724,18,,,0
6019,'1495811',1348,,1725,18,,,0
6019,'1495813',1448,,1726,18,,,0
6019,'1495823',2118,,1727,18,,,0
6019,'1495825',2218,,1728,18,,,0
6019,'1495827',2318,,1729,18,,,0
6019,'1495834',918,,1730,18,,,0
6019,'1495836',1018,,1731,18,,,0
6019,'1495838',1118,,1732,18,,,0
6019,'1495840',1218,,1733,18,,,0
6019,'1495842',1318,,1734,18,,,0
6019,'1495844',1418,,1735,18,,,0
6029,'1495149',808,,1737,25,0,5,0
6029,'1495163',1528,,1745,25,0,5,0
6029,'1495165',1648,,1747,25,0,5,0
6029,'1495167',1808,,1749,25,0,5,0
6029,'1495169',1928,,1751,25,0,5,0
6029,'1495420',708,,1755,25,0,5,0
6029,'1495434',1428,,1763,25,0,5,0
6029,'1495436',1548,,1765,25,0,5,0
6029,'1495438',1708,,1767,25,0,5,0
6029,'1495440',1828,,1769,25,0,5,0
6029,'1495442',1948,,1771,25,0,5,0
6029,'1495797',608,,1776,25,0,5,0
6029,'1495799',728,,1778,25,0,5,0
6029,'1495801',848,,1780,25,0,5,0
6029,'1495815',1608,,1788,25,0,5,0
6029,'1495817',1728,,1790,25,0,5,0
6029,'1495819',1848,,1792,25,0,5,0
6029,'1495821',2008,,1794,25,0,5,0
6029,'1495828',528,,1798,25,0,5,0
6029,'1495830',648,,1800,25,0,5,0
6029,'1495832',808,,1802,25,0,5,0
6029,'1495846',1528,,1810,25,0,5,0
6029,'1495848',1648,,1812,25,0,5,0
6029,'1495850',1808,,1814,25,0,5,0
140000019,'1495223',2245,,2230,18,,,0
140000019,'1495507',2345,,2231,18,,,0
140000019,'1495910',2345,,2232,18,,,0
