7019,'1495175',715,,1815,1,,,0
7019,'1495179',815,,1816,1,,,0
7019,'1495183',915,,1817,1,,,0
7019,'1495187',1020,,1818,1,,,0
7019,'1495189',1100,,1819,1,,,0
7019,'1495192',1220,,1820,1,,,0
7019,'1495194',1300,,1821,1,,,0
7019,'1495196',1340,,1822,1,,,0
7019,'1495198',1420,,1823,1,,,0
7019,'1495200',1500,,1824,1,,,0
7019,'1495202',1540,,1825,1,,,0
7019,'1495204',1620,,1826,1,,,0
7019,'1495206',1700,,1827,1,,,0
7019,'1495208',1740,,1828,1,,,0
7019,'1495210',1815,,1829,1,,,0
7019,'1495212',1845,,1830,1,,,0
7019,'1495215',1945,,1831,1,,,0
7019,'1495218',2045,,1832,1,,,0
7019,'1495221',2145,,1833,1,,,0
7019,'1495450',645,,1834,1,,,0
7019,'1495453',745,,1835,1,,,0
7019,'1495457',845,,1836,1,,,0
7019,'1495459',915,,1837,1,,,0
7019,'1495461',945,,1838,1,,,0
7019,'1495463',1020,,1839,1,,,0
7019,'1495465',1100,,1840,1,,,0
7019,'1495467',1140,,1841,1,,,0
7019,'1495469',1220,,1842,1,,,0
7019,'1495471',1300,,1843,1,,,0
7019,'1495473',1340,,1844,1,,,0
7019,'1495475',1420,,1845,1,,,0
7019,'1495477',1500,,1846,1,,,0
7019,'1495479',1540,,1847,1,,,0
7019,'1495481',1620,,1848,1,,,0
7019,'1495483',1700,,1849,1,,,0
7019,'1495485',1740,,1850,1,,,0
7019,'1495487',1815,,1851,1,,,0
7019,'1495489',1845,,1852,1,,,0
7019,'1495493',1945,,1853,1,,,0
7019,'1495497',2045,,1854,1,,,0
7019,'1495501',2145,,1855,1,,,0
7019,'1495505',2245,,1856,1,,,0
7019,'1495852',615,,1857,1,,,0
7019,'1495854',645,,1858,1,,,0
7019,'1495856',715,,1859,1,,,0
7019,'1495858',745,,1860,1,,,0
7019,'1495860',815,,1861,1,,,0
7019,'1495862',845,,1862,1,,,0
7019,'1495864',920,,1863,1,,,0
7019,'1495866',1000,,1864,1,,,0
7019,'1495868',1040,,1865,1,,,0
7019,'1495870',1120,,1866,1,,,0
7019,'1495872',1200,,1867,1,,,0
7019,'1495874',1240,,1868,1,,,0
7019,'1495876',1320,,1869,1,,,0
7019,'1495878',1400,,1870,1,,,0
7019,'1495880',1440,,1871,1,,,0
7019,'1495882',1520,,1872,1,,,0
7019,'1495884',1600,,1873,1,,,0
7019,'1495886',1640,,1874,1,,,0
7019,'1495888',1720,,1875,1,,,0
7019,'1495890',1800,,1876,1,,,0
7019,'1495892',1840,,1877,1,,,0
7019,'1495894',1915,,1878,1,,,0
7019,'1495896',1945,,1879,1,,,0
7019,'1495898',2015,,1880,1,,,0
7019,'1495900',2045,,1881,1,,,0
7019,'1495902',2115,,1882,1,,,0
7019,'1495904',2145,,1883,1,,,0
7019,'1495906',2215,,1884,1,,,0
7019,'1495908',2245,,1885,1,,,0
7029,'1495174',713,,1886,12,4,,0
7029,'1495178',813,,1887,12,4,,0
7029,'1495182',913,,1888,12,4,,0
7029,'1495186',1018,,1889,12,4,,0
7029,'1495188',1058,,1890,12,4,,0
7029,'1495191',1218,,1891,12,4,,0
7029,'1495193',1258,,1892,12,4,,0
7029,'1495195',1338,,1893,12,4,,0
7029,'1495197',1418,,1894,12,4,,0
7029,'1495199',1458,,1895,12,4,,0
7029,'1495201',1538,,1896,12,4,,0
7029,'1495203',1618,,1897,12,4,,0
7029,'1495205',1658,,1898,12,4,,0
7029,'1495207',1738,,1899,12,4,,0
7029,'1495209',1813,,1900,12,4,,0
7029,'1495211',1843,,1901,12,4,,0
7029,'1495214',1943,,1902,12,4,,0
7029,'1495217',2043,,1903,12,4,,0
7029,'1495220',2143,,1904,12,4,,0
7029,'1495222',2213,,1905,12,4,,0
7029,'1495449',643,,1906,12,4,,0
7029,'1495452',743,,1907,12,4,,0
7029,'1495456',843,,1908,12,4,,0
7029,'1495458',913,,1909,12,4,,0
7029,'1495460',943,,1910,12,4,,0
7029,'1495462',1018,,1911,12,4,,0
7029,'1495464',1058,,1912,12,4,,0
7029,'1495466',1138,,1913,12,4,,0
7029,'1495468',1218,,1914,12,4,,0
7029,'1495470',1258,,1915,12,4,,0
7029,'1495472',1338,,1916,12,4,,0
7029,'1495474',1418,,1917,12,4,,0
7029,'1495476',1458,,1918,12,4,,0
7029,'1495478',1538,,1919,12,4,,0
7029,'1495480',1618,,1920,12,4,,0
7029,'1495482',1658,,1921,12,4,,0
7029,'1495484',1738,,1922,12,4,,0
7029,'1495486',1813,,1923,12,4,,0
7029,'1495488',1843,,1924,12,4,,0
7029,'1495492',1943,,1925,12,4,,0
7029,'1495496',2043,,1926,12,4,,0
7029,'1495500',2143,,1927,12,4,,0
7029,'1495504',2243,,1928,12,4,,0
7029,'1495506',2313,,1929,12,4,,0
7029,'1495851',613,,1930,12,4,,0
7029,'1495853',643,,1931,12,4,,0
7029,'1495855',713,,1932,12,4,,0
7029,'1495857',743,,1933,12,4,,0
7029,'1495859',813,,1934,12,4,,0
7029,'1495861',843,,1935,12,4,,0
7029,'1495863',918,,1936,12,4,,0
7029,'1495865',958,,1937,12,4,,0
7029,'1495867',1038,,1938,12,4,,0
7029,'1495869',1118,,1939,12,4,,0
7029,'1495871',1158,,1940,12,4,,0
7029,'1495873',1238,,1941,12,4,,0
7029,'1495875',1318,,1942,12,4,,0
7029,'1495877',1358,,1943,12,4,,0
7029,'1495879',1438,,1944,12,4,,0
7029,'1495881',1518,,1945,12,4,,0
7029,'1495883',1558,,1946,12,4,,0
7029,'1495885',1638,,1947,12,4,,0
7029,'1495887',1718,,1948,12,4,,0
7029,'1495889',1758,,1949,12,4,,0
7029,'1495891',1838,,1950,12,4,,0
7029,'1495893',1913,,1951,12,4,,0
7029,'1495895',1943,,1952,12,4,,0
7029,'1495897',2013,,1953,12,4,,0
7029,'1495899',2043,,1954,12,4,,0
7029,'1495901',2113,,1955,12,4,,0
7029,'1495903',2143,,1956,12,4,,0
7029,'1495905',2213,,1957,12,4,,0
7029,'1495907',2243,,1958,12,4,,0
7029,'1495909',2313,,1959,12,4,,0
140000019,'1495223',2230,,2230,1,,,0
140000019,'1495507',2330,,2231,1,,,0
140000019,'1495910',2330,,2232,1,,,0
