6029,'1495148',705,,1736,7,,,0
6029,'1495150',825,,1738,7,,,0
6029,'1495152',935,,1739,7,,,0
6029,'1495154',1035,,1740,7,,,0
6029,'1495156',1135,,1741,7,,,0
6029,'1495158',1235,,1742,7,,,0
6029,'1495160',1335,,1743,7,,,0
6029,'1495162',1435,,1744,7,,,0
6029,'1495164',1545,,1746,7,,,0
6029,'1495166',1705,,1748,7,,,0
6029,'1495168',1825,,1750,7,,,0
6029,'1495170',1945,,1752,7,,,0
6029,'1495172',2105,,1753,7,,,0
6029,'1495419',605,,1754,7,,,0
6029,'1495421',725,,1756,7,,,0
6029,'1495423',835,,1757,7,,,0
6029,'1495425',935,,1758,7,,,0
6029,'1495427',1035,,1759,7,,,0
6029,'1495429',1135,,1760,7,,,0
6029,'1495431',1235,,1761,7,,,0
6029,'1495433',1335,,1762,7,,,0
6029,'1495435',1445,,1764,7,,,0
6029,'1495437',1605,,1766,7,,,0
6029,'1495439',1725,,1768,7,,,0
6029,'1495441',1845,,1770,7,,,0
6029,'1495443',2005,,1772,7,,,0
6029,'1495445',2105,,1773,7,,,0
6029,'1495447',2205,,1774,7,,,0
6029,'1495796',505,,1775,7,,,0
6029,'1495798',625,,1777,7,,,0
6029,'1495800',745,,1779,7,,,0
6029,'1495802',905,,1781,7,,,0
6029,'1495804',1005,,1782,7,,,0
6029,'1495806',1105,,1783,7,,,0
6029,'1495808',1205,,1784,7,,,0
6029,'1495810',1305,,1785,7,,,0
6029,'1495812',1405,,1786,7,,,0
6029,'1495814',1505,,1787,7,,,0
6029,'1495816',1625,,1789,7,,,0
6029,'1495818',1745,,1791,7,,,0
6029,'1495820',1905,,1793,7,,,0
6029,'1495822',2035,,1795,7,,,0
6029,'1495824',2135,,1796,7,,,0
6029,'1495826',2235,,1797,7,,,0
6029,'1495829',545,,1799,7,,,0
6029,'1495831',705,,1801,7,,,0
6029,'1495833',825,,1803,7,,,0
6029,'1495835',935,,1804,7,,,0
6029,'1495837',1035,,1805,7,,,0
6029,'1495839',1135,,1806,7,,,0
6029,'1495841',1235,,1807,7,,,0
6029,'1495843',1335,,1808,7,,,0
6029,'1495845',1435,,1809,7,,,0
6029,'1495847',1545,,1811,7,,,0
6029,'1495849',1705,,1813,7,,,0
