8019,'1495087',812,,1960,9,,,0
8019,'1495090',932,,1961,9,,,0
8019,'1495093',1052,,1962,9,,,0
8019,'1495096',1212,,1963,9,,,0
8019,'1495099',1332,,1964,9,,,0
8019,'1495102',1452,,1965,9,,,0
8019,'1495105',1612,,1966,9,,,0
8019,'1495108',1732,,1967,9,,,0
8019,'1495111',1852,,1968,9,,,0
8019,'1495114',2012,,1969,9,,,0
8019,'1495117',2132,,1970,9,,,0
8019,'1495190',1132,,1971,9,,,0
8019,'1495347',652,,1972,9,,,0
8019,'1495350',812,,1973,9,,,0
8019,'1495353',932,,1974,9,,,0
8019,'1495356',1052,,1975,9,,,0
8019,'1495359',1212,,1976,9,,,0
8019,'1495362',1332,,1977,9,,,0
8019,'1495365',1452,,1978,9,,,0
8019,'1495368',1612,,1979,9,,,0
8019,'1495371',1732,,1980,9,,,0
8019,'1495374',1852,,1981,9,,,0
8019,'1495377',2012,,1982,9,,,0
8019,'1495380',2132,,1983,9,,,0
8019,'1495733',2152,,1984,9,,,0
8019,'1495911',632,,1985,9,,,0
8019,'1495912',712,,1986,9,,,0
8019,'1495913',752,,1987,9,,,0
8019,'1495914',832,,1988,9,,,0
8019,'1495915',912,,1989,9,,,0
8019,'1495916',952,,1990,9,,,0
8019,'1495917',1032,,1991,9,,,0
8019,'1495918',1112,,1992,9,,,0
8019,'1495919',1152,,1993,9,,,0
8019,'1495920',1232,,1994,9,,,0
8019,'1495921',1312,,1995,9,,,0
8019,'1495922',1352,,1996,9,,,0
8019,'1495923',1432,,1997,9,,,0
8019,'1495924',1512,,1998,9,,,0
8019,'1495925',1552,,1999,9,,,0
8019,'1495926',1632,,2000,9,,,0
8019,'1495927',1712,,2001,9,,,0
8019,'1495928',1752,,2002,9,,,0
8019,'1495929',1832,,2003,9,,,0
8019,'1495930',1912,,2004,9,,,0
8019,'1495931',1952,,2005,9,,,0
8019,'1495932',2032,,2006,9,,,0
