2029,'1495007',723,,1515,10,,,0
2029,'1495009',753,,1516,10,,,0
2029,'1495011',823,,1517,10,,,0
2029,'1495013',853,,1518,10,,,0
2029,'1495015',923,,1519,10,,,0
2029,'1495017',953,,1520,10,,,0
2029,'1495019',1023,,1521,10,,,0
2029,'1495021',1053,,1522,10,,,0
2029,'1495023',1131,,1523,10,,,0
2029,'1495025',1211,,1524,10,,,0
2029,'1495027',1251,,1525,10,,,0
2029,'1495029',1331,,1526,10,,,0
2029,'1495031',1411,,1527,10,,,0
2029,'1495033',1451,,1528,10,,,0
2029,'1495035',1531,,1529,10,,,0
2029,'1495037',1611,,1530,10,,,0
2029,'1495039',1651,,1531,10,,,0
2029,'1495041',1723,,1532,10,,,0
2029,'1495043',1753,,1533,10,,,0
2029,'1495045',1823,,1534,10,,,0
2029,'1495049',1923,,1535,10,,,0
2029,'1495053',2023,,1536,10,,,0
2029,'1495057',2123,,1537,10,,,0
2029,'1495061',2223,,1538,10,,,0
2029,'1495227',653,,1539,10,,,0
2029,'1495231',753,,1540,10,,,0
2029,'1495233',823,,1541,10,,,0
2029,'1495235',853,,1542,10,,,0
2029,'1495237',923,,1543,10,,,0
2029,'1495239',953,,1544,10,,,0
2029,'1495241',1023,,1545,10,,,0
2029,'1495243',1053,,1546,10,,,0
2029,'1495245',1131,,1547,10,,,0
2029,'1495247',1211,,1548,10,,,0
2029,'1495249',1251,,1549,10,,,0
2029,'1495251',1331,,1550,10,,,0
2029,'1495253',1411,,1551,10,,,0
2029,'1495255',1451,,1552,10,,,0
2029,'1495257',1531,,1553,10,,,0
2029,'1495259',1611,,1554,10,,,0
2029,'1495261',1651,,1555,10,,,0
2029,'1495263',1731,,1556,10,,,0
2029,'1495265',1811,,1557,10,,,0
2029,'1495267',1851,,1558,10,,,0
2029,'1495269',1923,,1559,10,,,0
2029,'1495271',1953,,1560,10,,,0
2029,'1495273',2023,,1561,10,,,0
2029,'1495275',2053,,1562,10,,,0
2029,'1495277',2123,,1563,10,,,0
2029,'1495279',2153,,1564,10,,,0
2029,'1495281',2223,,1565,10,,,0
2029,'1495283',2253,,1566,10,,,0
2029,'1495567',2253,,1567,10,,,0
2029,'1495571',523,,1568,10,,,0
2029,'1495573',553,,1569,10,,,0
2029,'1495575',623,,1570,10,,,0
2029,'1495577',653,,1571,10,,,0
2029,'1495579',723,,1572,10,,,0
2029,'1495581',753,,1573,10,,,0
2029,'1495583',823,,1574,10,,,0
2029,'1495585',853,,1575,10,,,0
2029,'1495587',923,,1576,10,,,0
2029,'1495589',953,,1577,10,,,0
2029,'1495591',1023,,1578,10,,,0
2029,'1495593',1053,,1579,10,,,0
2029,'1495595',1131,,1580,10,,,0
2029,'1495597',1211,,1581,10,,,0
2029,'1495599',1251,,1582,10,,,0
2029,'1495601',1331,,1583,10,,,0
2029,'1495603',1411,,1584,10,,,0
2029,'1495605',1451,,1585,10,,,0
2029,'1495607',1531,,1586,10,,,0
2029,'1495609',1611,,1587,10,,,0
2029,'1495611',1651,,1588,10,,,0
2029,'1495613',1731,,1589,10,,,0
2029,'1495615',1811,,1590,10,,,0
2029,'1495617',1851,,1591,10,,,0
2029,'1495619',1923,,1592,10,,,0
2029,'1495621',1953,,1593,10,,,0
2029,'1495623',2023,,1594,10,,,0
2029,'1495625',2053,,1595,10,,,0
2029,'1495627',2123,,1596,10,,,0
2029,'1495629',2153,,1597,10,,,0
2029,'1495674',1431,,1598,10,,,0
2029,'1495676',1511,,1599,10,,,0
2029,'1495678',1551,,1600,10,,,0
2029,'1495680',1631,,1601,10,,,0
2029,'1495682',1711,,1602,10,,,0
2029,'1495684',1751,,1603,10,,,0
