30003019,'1495062',743,,2119,9,,,0
30003019,'1495064',843,,2120,9,,,0
30003019,'1495066',943,,2121,9,,,0
30003019,'1495068',1043,,2122,9,,,0
30003019,'1495070',1143,,2123,9,,,0
30003019,'1495072',1243,,2124,9,,,0
30003019,'1495074',1343,,2125,9,,,0
30003019,'1495076',1443,,2126,9,,,0
30003019,'1495078',1543,,2127,9,,,0
30003019,'1495080',1643,,2128,9,,,0
30003019,'1495082',1743,,2129,9,,,0
30003019,'1495084',1843,,2130,9,,,0
30003019,'1495216',2013,,2131,9,,,0
30003019,'1495316',743,,2132,9,,,0
30003019,'1495318',843,,2133,9,,,0
30003019,'1495320',943,,2134,9,,,0
30003019,'1495322',1043,,2135,9,,,0
30003019,'1495324',1143,,2136,9,,,0
30003019,'1495326',1243,,2137,9,,,0
30003019,'1495328',1343,,2138,9,,,0
30003019,'1495330',1443,,2139,9,,,0
30003019,'1495332',1543,,2140,9,,,0
30003019,'1495334',1643,,2141,9,,,0
30003019,'1495336',1743,,2142,9,,,0
30003019,'1495338',1843,,2143,9,,,0
30003019,'1495340',1943,,2144,9,,,0
30003019,'1495342',2043,,2145,9,,,0
30003019,'1495344',2143,,2146,9,,,0
30003019,'1495631',713,,2147,9,,,0
30003019,'1495645',1413,,2148,9,,,0
30003019,'1495647',1513,,2149,9,,,0
30003019,'1495649',1613,,2150,9,,,0
30003019,'1495651',1713,,2151,9,,,0
30003019,'1495653',1813,,2152,9,,,0
30003019,'1495655',1913,,2153,9,,,0
30003019,'1495657',2013,,2154,9,,,0
30003019,'1495659',2113,,2155,9,,,0
30003019,'1495661',2213,,2156,9,,,0
30003019,'1495662',828,,2157,9,,,0
30003019,'1495663',858,,2158,9,,,0
30003019,'1495664',928,,2159,9,,,0
30003019,'1495665',958,,2160,9,,,0
30003019,'1495666',1028,,2161,9,,,0
30003019,'1495667',1058,,2162,9,,,0
30003019,'1495668',1128,,2163,9,,,0
30003019,'1495669',1158,,2164,9,,,0
30003019,'1495670',1228,,2165,9,,,0
30003019,'1495671',1258,,2166,9,,,0
30003019,'1495672',1328,,2167,9,,,0
