1019,'1494978',1010,,1278,8,,,0
1019,'1494980',1040,,1279,8,,,0
1019,'1494982',1114,,1280,8,,,0
1019,'1494984',1154,,1281,8,,,0
1019,'1494986',1234,,1282,8,,,0
1019,'1494988',1314,,1283,8,,,0
1019,'1494990',1354,,1284,8,,,0
1019,'1494992',1434,,1285,8,,,0
1019,'1494994',1514,,1286,8,,,0
1019,'1494996',1554,,1287,8,,,0
1019,'1494998',1634,,1288,8,,,0
1019,'1495000',1710,,1289,8,,,0
1019,'1495002',1740,,1290,8,,,0
1019,'1495004',1810,,1291,8,,,0
1019,'1495046',1840,,1292,8,,,0
1019,'1495050',1940,,1293,8,,,0
1019,'1495054',2040,,1294,8,,,0
1019,'1495058',2140,,1295,8,,,0
1019,'1495176',740,,1296,8,,,0
1019,'1495180',840,,1297,8,,,0
1019,'1495184',940,,1298,8,,,0
1019,'1495224',610,,1299,8,,,0
1019,'1495228',710,,1300,8,,,0
1019,'1495284',910,,1301,8,,,0
1019,'1495286',940,,1302,8,,,0
1019,'1495288',1010,,1303,8,,,0
1019,'1495290',1040,,1304,8,,,0
1019,'1495292',1114,,1305,8,,,0
1019,'1495294',1154,,1306,8,,,0
1019,'1495296',1234,,1307,8,,,0
1019,'1495298',1314,,1308,8,,,0
1019,'1495300',1354,,1309,8,,,0
1019,'1495302',1434,,1310,8,,,0
1019,'1495304',1514,,1311,8,,,0
1019,'1495306',1554,,1312,8,,,0
1019,'1495308',1634,,1313,8,,,0
1019,'1495310',1714,,1314,8,,,0
1019,'1495312',1754,,1315,8,,,0
1019,'1495314',1834,,1316,8,,,0
1019,'1495454',810,,1317,8,,,0
1019,'1495490',1910,,1318,8,,,0
1019,'1495494',2010,,1319,8,,,0
1019,'1495498',2110,,1320,8,,,0
1019,'1495502',2210,,1321,8,,,0
1019,'1495508',610,,1322,8,,,0
1019,'1495510',640,,1323,8,,,0
1019,'1495512',710,,1324,8,,,0
1019,'1495514',740,,1325,8,,,0
1019,'1495516',810,,1326,8,,,0
1019,'1495518',840,,1327,8,,,0
1019,'1495520',910,,1328,8,,,0
1019,'1495522',940,,1329,8,,,0
1019,'1495524',1010,,1330,8,,,0
1019,'1495526',1040,,1331,8,,,0
1019,'1495528',1114,,1332,8,,,0
1019,'1495530',1154,,1333,8,,,0
1019,'1495532',1234,,1334,8,,,0
1019,'1495534',1314,,1335,8,,,0
1019,'1495536',1354,,1336,8,,,0
1019,'1495538',1434,,1337,8,,,0
1019,'1495540',1514,,1338,8,,,0
1019,'1495542',1554,,1339,8,,,0
1019,'1495544',1634,,1340,8,,,0
1019,'1495546',1714,,1341,8,,,0
1019,'1495548',1754,,1342,8,,,0
1019,'1495550',1834,,1343,8,,,0
1019,'1495552',1910,,1344,8,,,0
1019,'1495554',1940,,1345,8,,,0
1019,'1495556',2010,,1346,8,,,0
1019,'1495558',2040,,1347,8,,,0
1019,'1495560',2110,,1348,8,,,0
1019,'1495562',2140,,1349,8,,,0
1019,'1495564',2210,,1350,8,,,0
1019,'1495568',2310,,1351,8,,,0
