6029,'1495148',731,,1736,31,,,0
6029,'1495150',851,,1738,31,,,0
6029,'1495152',951,,1739,24,,,0
6029,'1495154',1051,,1740,24,,,0
6029,'1495156',1151,,1741,24,,,0
6029,'1495158',1251,,1742,24,,,0
6029,'1495160',1351,,1743,24,,,0
6029,'1495162',1451,,1744,24,,,0
6029,'1495164',1611,,1746,31,,,0
6029,'1495166',1731,,1748,31,,,0
6029,'1495168',1851,,1750,31,,,0
6029,'1495170',2011,,1752,31,,,0
6029,'1495172',2121,,1753,24,,,0
6029,'1495419',631,,1754,31,,,0
6029,'1495421',751,,1756,31,,,0
6029,'1495423',851,,1757,24,,,0
6029,'1495425',951,,1758,24,,,0
6029,'1495427',1051,,1759,24,,,0
6029,'1495429',1151,,1760,24,,,0
6029,'1495431',1251,,1761,24,,,0
6029,'1495433',1351,,1762,24,,,0
6029,'1495435',1511,,1764,31,,,0
6029,'1495437',1631,,1766,31,,,0
6029,'1495439',1751,,1768,31,,,0
6029,'1495441',1911,,1770,31,,,0
6029,'1495443',2021,,1772,24,,,0
6029,'1495445',2121,,1773,24,,,0
6029,'1495447',2221,,1774,24,,,0
6029,'1495796',531,,1775,31,,,0
6029,'1495798',651,,1777,31,,,0
6029,'1495800',811,,1779,31,,,0
6029,'1495802',921,,1781,24,,,0
6029,'1495804',1021,,1782,24,,,0
6029,'1495806',1121,,1783,24,,,0
6029,'1495808',1221,,1784,24,,,0
6029,'1495810',1321,,1785,24,,,0
6029,'1495812',1421,,1786,24,,,0
6029,'1495814',1531,,1787,31,,,0
6029,'1495816',1651,,1789,31,,,0
6029,'1495818',1811,,1791,31,,,0
6029,'1495820',1931,,1793,31,,,0
6029,'1495822',2051,,1795,24,,,0
6029,'1495824',2151,,1796,24,,,0
6029,'1495826',2251,,1797,24,,,0
6029,'1495829',611,,1799,31,,,0
6029,'1495831',731,,1801,31,,,0
6029,'1495833',851,,1803,31,,,0
6029,'1495835',951,,1804,24,,,0
6029,'1495837',1051,,1805,24,,,0
6029,'1495839',1151,,1806,24,,,0
6029,'1495841',1251,,1807,24,,,0
6029,'1495843',1351,,1808,24,,,0
6029,'1495845',1451,,1809,24,,,0
6029,'1495847',1611,,1811,31,,,0
6029,'1495849',1731,,1813,31,,,0
