6029,'1495148',722,,1736,23,,,0
6029,'1495150',842,,1738,23,,,0
6029,'1495152',942,,1739,16,,,0
6029,'1495154',1042,,1740,16,,,0
6029,'1495156',1142,,1741,16,,,0
6029,'1495158',1242,,1742,16,,,0
6029,'1495160',1342,,1743,16,,,0
6029,'1495162',1442,,1744,16,,,0
6029,'1495164',1602,,1746,23,,,0
6029,'1495166',1722,,1748,23,,,0
6029,'1495168',1842,,1750,23,,,0
6029,'1495170',2002,,1752,23,,,0
6029,'1495172',2112,,1753,16,,,0
6029,'1495419',622,,1754,23,,,0
6029,'1495421',742,,1756,23,,,0
6029,'1495423',842,,1757,16,,,0
6029,'1495425',942,,1758,16,,,0
6029,'1495427',1042,,1759,16,,,0
6029,'1495429',1142,,1760,16,,,0
6029,'1495431',1242,,1761,16,,,0
6029,'1495433',1342,,1762,16,,,0
6029,'1495435',1502,,1764,23,,,0
6029,'1495437',1622,,1766,23,,,0
6029,'1495439',1742,,1768,23,,,0
6029,'1495441',1902,,1770,23,,,0
6029,'1495443',2012,,1772,16,,,0
6029,'1495445',2112,,1773,16,,,0
6029,'1495447',2212,,1774,16,,,0
6029,'1495796',522,,1775,23,,,0
6029,'1495798',642,,1777,23,,,0
6029,'1495800',802,,1779,23,,,0
6029,'1495802',912,,1781,16,,,0
6029,'1495804',1012,,1782,16,,,0
6029,'1495806',1112,,1783,16,,,0
6029,'1495808',1212,,1784,16,,,0
6029,'1495810',1312,,1785,16,,,0
6029,'1495812',1412,,1786,16,,,0
6029,'1495814',1522,,1787,23,,,0
6029,'1495816',1642,,1789,23,,,0
6029,'1495818',1802,,1791,23,,,0
6029,'1495820',1922,,1793,23,,,0
6029,'1495822',2042,,1795,16,,,0
6029,'1495824',2142,,1796,16,,,0
6029,'1495826',2242,,1797,16,,,0
6029,'1495829',602,,1799,23,,,0
6029,'1495831',722,,1801,23,,,0
6029,'1495833',842,,1803,23,,,0
6029,'1495835',942,,1804,16,,,0
6029,'1495837',1042,,1805,16,,,0
6029,'1495839',1142,,1806,16,,,0
6029,'1495841',1242,,1807,16,,,0
6029,'1495843',1342,,1808,16,,,0
6029,'1495845',1442,,1809,16,,,0
6029,'1495847',1602,,1811,23,,,0
6029,'1495849',1722,,1813,23,,,0
