1029,'1494979',1024,,1352,8,,,0
1029,'1494981',1054,,1353,8,,,0
1029,'1494983',1133,,1354,8,,,0
1029,'1494985',1213,,1355,8,,,0
1029,'1494987',1253,,1356,8,,,0
1029,'1494989',1333,,1357,8,,,0
1029,'1494991',1413,,1358,8,,,0
1029,'1494993',1453,,1359,8,,,0
1029,'1494995',1533,,1360,8,,,0
1029,'1494997',1613,,1361,8,,,0
1029,'1494999',1653,,1362,8,,,0
1029,'1495001',1724,,1363,8,,,0
1029,'1495003',1754,,1364,8,,,0
1029,'1495005',1824,,1365,8,,,0
1029,'1495047',1854,,1366,8,,,0
1029,'1495051',1954,,1367,8,,,0
1029,'1495055',2054,,1368,8,,,0
1029,'1495059',2154,,1369,8,,,0
1029,'1495177',754,,1370,8,,,0
1029,'1495181',854,,1371,8,,,0
1029,'1495185',954,,1372,8,,,0
1029,'1495225',624,,1373,8,,,0
1029,'1495229',724,,1374,8,,,0
1029,'1495285',924,,1375,8,,,0
1029,'1495287',954,,1376,8,,,0
1029,'1495289',1024,,1377,8,,,0
1029,'1495291',1054,,1378,8,,,0
1029,'1495293',1133,,1379,8,,,0
1029,'1495295',1213,,1380,8,,,0
1029,'1495297',1253,,1381,8,,,0
1029,'1495299',1333,,1382,8,,,0
1029,'1495301',1413,,1383,8,,,0
1029,'1495303',1453,,1384,8,,,0
1029,'1495305',1533,,1385,8,,,0
1029,'1495307',1613,,1386,8,,,0
1029,'1495309',1653,,1387,8,,,0
1029,'1495311',1733,,1388,8,,,0
1029,'1495313',1813,,1389,8,,,0
1029,'1495315',1853,,1390,8,,,0
1029,'1495455',824,,1391,8,,,0
1029,'1495491',1924,,1392,8,,,0
1029,'1495495',2024,,1393,8,,,0
1029,'1495499',2124,,1394,8,,,0
1029,'1495503',2224,,1395,8,,,0
1029,'1495509',624,,1396,8,,,0
1029,'1495511',654,,1397,8,,,0
1029,'1495513',724,,1398,8,,,0
1029,'1495515',754,,1399,8,,,0
1029,'1495517',824,,1400,8,,,0
1029,'1495519',854,,1401,8,,,0
1029,'1495521',924,,1402,8,,,0
1029,'1495523',954,,1403,8,,,0
1029,'1495525',1024,,1404,8,,,0
1029,'1495527',1054,,1405,8,,,0
1029,'1495529',1133,,1406,8,,,0
1029,'1495531',1213,,1407,8,,,0
1029,'1495533',1253,,1408,8,,,0
1029,'1495535',1333,,1409,8,,,0
1029,'1495537',1413,,1410,8,,,0
1029,'1495539',1453,,1411,8,,,0
1029,'1495541',1533,,1412,8,,,0
1029,'1495543',1613,,1413,8,,,0
1029,'1495545',1653,,1414,8,,,0
1029,'1495547',1733,,1415,8,,,0
1029,'1495549',1813,,1416,8,,,0
1029,'1495551',1853,,1417,8,,,0
1029,'1495553',1924,,1418,8,,,0
1029,'1495555',1954,,1419,8,,,0
1029,'1495557',2024,,1420,8,,,0
1029,'1495559',2054,,1421,8,,,0
1029,'1495561',2124,,1422,8,,,0
1029,'1495563',2154,,1423,8,,,0
1029,'1495565',2224,,1424,8,,,0
1029,'1495569',2324,,1425,8,,,0
