8019,'1495087',807,,1960,5,,,0
8019,'1495090',927,,1961,5,,,0
8019,'1495093',1047,,1962,5,,,0
8019,'1495096',1207,,1963,5,,,0
8019,'1495099',1327,,1964,5,,,0
8019,'1495102',1447,,1965,5,,,0
8019,'1495105',1607,,1966,5,,,0
8019,'1495108',1727,,1967,5,,,0
8019,'1495111',1847,,1968,5,,,0
8019,'1495114',2007,,1969,5,,,0
8019,'1495117',2127,,1970,5,,,0
8019,'1495190',1127,,1971,5,,,0
8019,'1495347',647,,1972,5,,,0
8019,'1495350',807,,1973,5,,,0
8019,'1495353',927,,1974,5,,,0
8019,'1495356',1047,,1975,5,,,0
8019,'1495359',1207,,1976,5,,,0
8019,'1495362',1327,,1977,5,,,0
8019,'1495365',1447,,1978,5,,,0
8019,'1495368',1607,,1979,5,,,0
8019,'1495371',1727,,1980,5,,,0
8019,'1495374',1847,,1981,5,,,0
8019,'1495377',2007,,1982,5,,,0
8019,'1495380',2127,,1983,5,,,0
8019,'1495733',2147,,1984,5,,,0
8019,'1495911',627,,1985,5,,,0
8019,'1495912',707,,1986,5,,,0
8019,'1495913',747,,1987,5,,,0
8019,'1495914',827,,1988,5,,,0
8019,'1495915',907,,1989,5,,,0
8019,'1495916',947,,1990,5,,,0
8019,'1495917',1027,,1991,5,,,0
8019,'1495918',1107,,1992,5,,,0
8019,'1495919',1147,,1993,5,,,0
8019,'1495920',1227,,1994,5,,,0
8019,'1495921',1307,,1995,5,,,0
8019,'1495922',1347,,1996,5,,,0
8019,'1495923',1427,,1997,5,,,0
8019,'1495924',1507,,1998,5,,,0
8019,'1495925',1547,,1999,5,,,0
8019,'1495926',1627,,2000,5,,,0
8019,'1495927',1707,,2001,5,,,0
8019,'1495928',1747,,2002,5,,,0
8019,'1495929',1827,,2003,5,,,0
8019,'1495930',1907,,2004,5,,,0
8019,'1495931',1947,,2005,5,,,0
8019,'1495932',2027,,2006,5,,,0
30003019,'1495062',738,,2119,5,,,0
30003019,'1495064',838,,2120,5,,,0
30003019,'1495066',938,,2121,5,,,0
30003019,'1495068',1038,,2122,5,,,0
30003019,'1495070',1138,,2123,5,,,0
30003019,'1495072',1238,,2124,5,,,0
30003019,'1495074',1338,,2125,5,,,0
30003019,'1495076',1438,,2126,5,,,0
30003019,'1495078',1538,,2127,5,,,0
30003019,'1495080',1638,,2128,5,,,0
30003019,'1495082',1738,,2129,5,,,0
30003019,'1495084',1838,,2130,5,,,0
30003019,'1495216',2008,,2131,5,,,0
30003019,'1495316',738,,2132,5,,,0
30003019,'1495318',838,,2133,5,,,0
30003019,'1495320',938,,2134,5,,,0
30003019,'1495322',1038,,2135,5,,,0
30003019,'1495324',1138,,2136,5,,,0
30003019,'1495326',1238,,2137,5,,,0
30003019,'1495328',1338,,2138,5,,,0
30003019,'1495330',1438,,2139,5,,,0
30003019,'1495332',1538,,2140,5,,,0
30003019,'1495334',1638,,2141,5,,,0
30003019,'1495336',1738,,2142,5,,,0
30003019,'1495338',1838,,2143,5,,,0
30003019,'1495340',1938,,2144,5,,,0
30003019,'1495342',2038,,2145,5,,,0
30003019,'1495344',2138,,2146,5,,,0
30003019,'1495631',708,,2147,5,,,0
30003019,'1495645',1408,,2148,5,,,0
30003019,'1495647',1508,,2149,5,,,0
30003019,'1495649',1608,,2150,5,,,0
30003019,'1495651',1708,,2151,5,,,0
30003019,'1495653',1808,,2152,5,,,0
30003019,'1495655',1908,,2153,5,,,0
30003019,'1495657',2008,,2154,5,,,0
30003019,'1495659',2108,,2155,5,,,0
30003019,'1495661',2208,,2156,5,,,0
30003019,'1495662',823,,2157,5,,,0
30003019,'1495663',853,,2158,5,,,0
30003019,'1495664',923,,2159,5,,,0
30003019,'1495665',953,,2160,5,,,0
30003019,'1495666',1023,,2161,5,,,0
30003019,'1495667',1053,,2162,5,,,0
30003019,'1495668',1123,,2163,5,,,0
30003019,'1495669',1153,,2164,5,,,0
30003019,'1495670',1223,,2165,5,,,0
30003019,'1495671',1253,,2166,5,,,0
30003019,'1495672',1323,,2167,5,,,0
