6029,'1495148',712,,1736,14,,,0
6029,'1495150',832,,1738,14,,,0
6029,'1495152',941,,1739,14,,,0
6029,'1495154',1041,,1740,14,,,0
6029,'1495156',1141,,1741,14,,,0
6029,'1495158',1241,,1742,14,,,0
6029,'1495160',1341,,1743,14,,,0
6029,'1495162',1441,,1744,14,,,0
6029,'1495164',1552,,1746,14,,,0
6029,'1495166',1712,,1748,14,,,0
6029,'1495168',1832,,1750,14,,,0
6029,'1495170',1952,,1752,14,,,0
6029,'1495172',2111,,1753,14,,,0
6029,'1495419',612,,1754,14,,,0
6029,'1495421',732,,1756,14,,,0
6029,'1495423',841,,1757,14,,,0
6029,'1495425',941,,1758,14,,,0
6029,'1495427',1041,,1759,14,,,0
6029,'1495429',1141,,1760,14,,,0
6029,'1495431',1241,,1761,14,,,0
6029,'1495433',1341,,1762,14,,,0
6029,'1495435',1452,,1764,14,,,0
6029,'1495437',1612,,1766,14,,,0
6029,'1495439',1732,,1768,14,,,0
6029,'1495441',1852,,1770,14,,,0
6029,'1495443',2011,,1772,14,,,0
6029,'1495445',2111,,1773,14,,,0
6029,'1495447',2211,,1774,14,,,0
6029,'1495796',512,,1775,14,,,0
6029,'1495798',632,,1777,14,,,0
6029,'1495800',752,,1779,14,,,0
6029,'1495802',911,,1781,14,,,0
6029,'1495804',1011,,1782,14,,,0
6029,'1495806',1111,,1783,14,,,0
6029,'1495808',1211,,1784,14,,,0
6029,'1495810',1311,,1785,14,,,0
6029,'1495812',1411,,1786,14,,,0
6029,'1495814',1512,,1787,14,,,0
6029,'1495816',1632,,1789,14,,,0
6029,'1495818',1752,,1791,14,,,0
6029,'1495820',1912,,1793,14,,,0
6029,'1495822',2041,,1795,14,,,0
6029,'1495824',2141,,1796,14,,,0
6029,'1495826',2241,,1797,14,,,0
6029,'1495829',552,,1799,14,,,0
6029,'1495831',712,,1801,14,,,0
6029,'1495833',832,,1803,14,,,0
6029,'1495835',941,,1804,14,,,0
6029,'1495837',1041,,1805,14,,,0
6029,'1495839',1141,,1806,14,,,0
6029,'1495841',1241,,1807,14,,,0
6029,'1495843',1341,,1808,14,,,0
6029,'1495845',1441,,1809,14,,,0
6029,'1495847',1552,,1811,14,,,0
6029,'1495849',1712,,1813,14,,,0
