4019,'1495085',730,,1604,11,,,0
4019,'1495088',850,,1605,11,,,0
4019,'1495091',1010,,1606,11,,,0
4019,'1495094',1130,,1607,11,,,0
4019,'1495097',1250,,1608,11,,,0
4019,'1495100',1410,,1609,11,,,0
4019,'1495103',1530,,1610,11,,,0
4019,'1495106',1650,,1611,11,,,0
4019,'1495109',1810,,1612,11,,,0
4019,'1495112',1930,,1613,11,,,0
4019,'1495115',2050,,1614,11,,,0
4019,'1495345',610,,1615,11,,,0
4019,'1495348',730,,1616,11,,,0
4019,'1495351',850,,1617,11,,,0
4019,'1495354',1010,,1618,11,,,0
4019,'1495357',1130,,1619,11,,,0
4019,'1495360',1250,,1620,11,,,0
4019,'1495363',1410,,1621,11,,,0
4019,'1495366',1530,,1622,11,,,0
4019,'1495369',1650,,1623,11,,,0
4019,'1495372',1810,,1624,11,,,0
4019,'1495375',1930,,1625,11,,,0
4019,'1495378',2050,,1626,11,,,0
4019,'1495381',2210,,1627,11,,,0
4019,'1495383',2250,,1628,11,,,0
4019,'1495685',550,,1629,11,,,0
4019,'1495687',630,,1630,11,,,0
4019,'1495689',710,,1631,11,,,0
4019,'1495691',750,,1632,11,,,0
4019,'1495693',830,,1633,11,,,0
4019,'1495695',910,,1634,11,,,0
4019,'1495697',950,,1635,11,,,0
4019,'1495699',1030,,1636,11,,,0
4019,'1495701',1110,,1637,11,,,0
4019,'1495703',1150,,1638,11,,,0
4019,'1495705',1230,,1639,11,,,0
4019,'1495707',1310,,1640,11,,,0
4019,'1495709',1350,,1641,11,,,0
4019,'1495711',1430,,1642,11,,,0
4019,'1495713',1510,,1643,11,,,0
4019,'1495715',1550,,1644,11,,,0
4019,'1495717',1630,,1645,11,,,0
4019,'1495719',1710,,1646,11,,,0
4019,'1495721',1750,,1647,11,,,0
4019,'1495723',1830,,1648,11,,,0
4019,'1495725',1910,,1649,11,,,0
4019,'1495727',1950,,1650,11,,,0
4019,'1495729',2030,,1651,11,,,0
4019,'1495731',2110,,1652,11,,,0
4019,'1495734',2230,,1653,11,,,0
140000019,'1495223',2305,,2230,42,,,0
140000019,'1495507',2405,,2231,42,,,0
140000019,'1495910',2405,,2232,42,,,0
