10005019,'1495119',749,,2057,17,,,0
10005019,'1495121',849,,2058,17,,,0
10005019,'1495123',949,,2059,17,,,0
10005019,'1495125',1049,,2060,17,,,0
10005019,'1495127',1149,,2061,17,,,0
10005019,'1495129',1249,,2062,17,,,0
10005019,'1495131',1349,,2063,17,,,0
10005019,'1495133',1449,,2064,17,,,0
10005019,'1495135',1549,,2065,17,,,0
10005019,'1495137',1649,,2066,17,,,0
10005019,'1495139',1749,,2067,17,,,0
10005019,'1495141',1849,,2068,17,,,0
10005019,'1495143',1949,,2069,17,,,0
10005019,'1495145',2049,,2070,17,,,0
10005019,'1495147',2149,,2071,17,,,0
10005019,'1495386',649,,2072,17,,,0
10005019,'1495388',749,,2073,17,,,0
10005019,'1495390',849,,2074,17,,,0
10005019,'1495392',949,,2075,17,,,0
10005019,'1495394',1049,,2076,17,,,0
10005019,'1495396',1149,,2077,17,,,0
10005019,'1495398',1249,,2078,17,,,0
10005019,'1495400',1349,,2079,17,,,0
10005019,'1495402',1449,,2080,17,,,0
10005019,'1495404',1549,,2081,17,,,0
10005019,'1495406',1649,,2082,17,,,0
10005019,'1495408',1749,,2083,17,,,0
10005019,'1495410',1849,,2084,17,,,0
10005019,'1495412',1949,,2085,17,,,0
10005019,'1495414',2049,,2086,17,,,0
10005019,'1495416',2149,,2087,17,,,0
10005019,'1495418',2249,,2088,17,,,0
10005019,'1495736',719,,2089,17,,,0
10005019,'1495737',749,,2090,17,,,0
10005019,'1495738',819,,2091,17,,,0
10005019,'1495739',849,,2092,17,,,0
10005019,'1495740',919,,2093,17,,,0
10005019,'1495741',949,,2094,17,,,0
10005019,'1495742',1019,,2095,17,,,0
10005019,'1495743',1049,,2096,17,,,0
10005019,'1495744',1119,,2097,17,,,0
10005019,'1495745',1149,,2098,17,,,0
10005019,'1495746',1219,,2099,17,,,0
10005019,'1495747',1249,,2100,17,,,0
10005019,'1495748',1319,,2101,17,,,0
10005019,'1495749',1349,,2102,17,,,0
10005019,'1495750',1419,,2103,17,,,0
10005019,'1495751',1449,,2104,17,,,0
10005019,'1495752',1519,,2105,17,,,0
10005019,'1495753',1549,,2106,17,,,0
10005019,'1495754',1619,,2107,17,,,0
10005019,'1495755',1649,,2108,17,,,0
10005019,'1495756',1719,,2109,17,,,0
10005019,'1495757',1749,,2110,17,,,0
10005019,'1495758',1819,,2111,17,,,0
10005019,'1495759',1849,,2112,17,,,0
10005019,'1495761',1949,,2113,17,,,0
10005019,'1495763',2049,,2114,17,,,0
10005019,'1495765',2149,,2115,17,,,0
10005019,'1495767',2249,,2116,17,,,0
10005019,'1495769',549,,2117,17,,,0
10005019,'1495771',649,,2118,17,,,0
