1029,'1494979',1022,,1352,6,,,0
1029,'1494981',1052,,1353,6,,,0
1029,'1494983',1130,,1354,6,,,0
1029,'1494985',1210,,1355,6,,,0
1029,'1494987',1250,,1356,6,,,0
1029,'1494989',1330,,1357,6,,,0
1029,'1494991',1410,,1358,6,,,0
1029,'1494993',1450,,1359,6,,,0
1029,'1494995',1530,,1360,6,,,0
1029,'1494997',1610,,1361,6,,,0
1029,'1494999',1650,,1362,6,,,0
1029,'1495001',1722,,1363,6,,,0
1029,'1495003',1752,,1364,6,,,0
1029,'1495005',1822,,1365,6,,,0
1029,'1495047',1852,,1366,6,,,0
1029,'1495051',1952,,1367,6,,,0
1029,'1495055',2052,,1368,6,,,0
1029,'1495059',2152,,1369,6,,,0
1029,'1495177',752,,1370,6,,,0
1029,'1495181',852,,1371,6,,,0
1029,'1495185',952,,1372,6,,,0
1029,'1495225',622,,1373,6,,,0
1029,'1495229',722,,1374,6,,,0
1029,'1495285',922,,1375,6,,,0
1029,'1495287',952,,1376,6,,,0
1029,'1495289',1022,,1377,6,,,0
1029,'1495291',1052,,1378,6,,,0
1029,'1495293',1130,,1379,6,,,0
1029,'1495295',1210,,1380,6,,,0
1029,'1495297',1250,,1381,6,,,0
1029,'1495299',1330,,1382,6,,,0
1029,'1495301',1410,,1383,6,,,0
1029,'1495303',1450,,1384,6,,,0
1029,'1495305',1530,,1385,6,,,0
1029,'1495307',1610,,1386,6,,,0
1029,'1495309',1650,,1387,6,,,0
1029,'1495311',1730,,1388,6,,,0
1029,'1495313',1810,,1389,6,,,0
1029,'1495315',1850,,1390,6,,,0
1029,'1495455',822,,1391,6,,,0
1029,'1495491',1922,,1392,6,,,0
1029,'1495495',2022,,1393,6,,,0
1029,'1495499',2122,,1394,6,,,0
1029,'1495503',2222,,1395,6,,,0
1029,'1495509',622,,1396,6,,,0
1029,'1495511',652,,1397,6,,,0
1029,'1495513',722,,1398,6,,,0
1029,'1495515',752,,1399,6,,,0
1029,'1495517',822,,1400,6,,,0
1029,'1495519',852,,1401,6,,,0
1029,'1495521',922,,1402,6,,,0
1029,'1495523',952,,1403,6,,,0
1029,'1495525',1022,,1404,6,,,0
1029,'1495527',1052,,1405,6,,,0
1029,'1495529',1130,,1406,6,,,0
1029,'1495531',1210,,1407,6,,,0
1029,'1495533',1250,,1408,6,,,0
1029,'1495535',1330,,1409,6,,,0
1029,'1495537',1410,,1410,6,,,0
1029,'1495539',1450,,1411,6,,,0
1029,'1495541',1530,,1412,6,,,0
1029,'1495543',1610,,1413,6,,,0
1029,'1495545',1650,,1414,6,,,0
1029,'1495547',1730,,1415,6,,,0
1029,'1495549',1810,,1416,6,,,0
1029,'1495551',1850,,1417,6,,,0
1029,'1495553',1922,,1418,6,,,0
1029,'1495555',1952,,1419,6,,,0
1029,'1495557',2022,,1420,6,,,0
1029,'1495559',2052,,1421,6,,,0
1029,'1495561',2122,,1422,6,,,0
1029,'1495563',2152,,1423,6,,,0
1029,'1495565',2222,,1424,6,,,0
1029,'1495569',2322,,1425,6,,,0
