6029,'1495148',704,,1736,6,,,0
6029,'1495150',824,,1738,6,,,0
6029,'1495152',934,,1739,6,,,0
6029,'1495154',1034,,1740,6,,,0
6029,'1495156',1134,,1741,6,,,0
6029,'1495158',1234,,1742,6,,,0
6029,'1495160',1334,,1743,6,,,0
6029,'1495162',1434,,1744,6,,,0
6029,'1495164',1544,,1746,6,,,0
6029,'1495166',1704,,1748,6,,,0
6029,'1495168',1824,,1750,6,,,0
6029,'1495170',1944,,1752,6,,,0
6029,'1495172',2104,,1753,6,,,0
6029,'1495419',604,,1754,6,,,0
6029,'1495421',724,,1756,6,,,0
6029,'1495423',834,,1757,6,,,0
6029,'1495425',934,,1758,6,,,0
6029,'1495427',1034,,1759,6,,,0
6029,'1495429',1134,,1760,6,,,0
6029,'1495431',1234,,1761,6,,,0
6029,'1495433',1334,,1762,6,,,0
6029,'1495435',1444,,1764,6,,,0
6029,'1495437',1604,,1766,6,,,0
6029,'1495439',1724,,1768,6,,,0
6029,'1495441',1844,,1770,6,,,0
6029,'1495443',2004,,1772,6,,,0
6029,'1495445',2104,,1773,6,,,0
6029,'1495447',2204,,1774,6,,,0
6029,'1495796',504,,1775,6,,,0
6029,'1495798',624,,1777,6,,,0
6029,'1495800',744,,1779,6,,,0
6029,'1495802',904,,1781,6,,,0
6029,'1495804',1004,,1782,6,,,0
6029,'1495806',1104,,1783,6,,,0
6029,'1495808',1204,,1784,6,,,0
6029,'1495810',1304,,1785,6,,,0
6029,'1495812',1404,,1786,6,,,0
6029,'1495814',1504,,1787,6,,,0
6029,'1495816',1624,,1789,6,,,0
6029,'1495818',1744,,1791,6,,,0
6029,'1495820',1904,,1793,6,,,0
6029,'1495822',2034,,1795,6,,,0
6029,'1495824',2134,,1796,6,,,0
6029,'1495826',2234,,1797,6,,,0
6029,'1495829',544,,1799,6,,,0
6029,'1495831',704,,1801,6,,,0
6029,'1495833',824,,1803,6,,,0
6029,'1495835',934,,1804,6,,,0
6029,'1495837',1034,,1805,6,,,0
6029,'1495839',1134,,1806,6,,,0
6029,'1495841',1234,,1807,6,,,0
6029,'1495843',1334,,1808,6,,,0
6029,'1495845',1434,,1809,6,,,0
6029,'1495847',1544,,1811,6,,,0
6029,'1495849',1704,,1813,6,,,0
