4029,'1495086',757,,1654,9,,,0
4029,'1495089',917,,1655,9,,,0
4029,'1495092',1037,,1656,9,,,0
4029,'1495095',1157,,1657,9,,,0
4029,'1495098',1317,,1658,9,,,0
4029,'1495101',1437,,1659,9,,,0
4029,'1495104',1557,,1660,9,,,0
4029,'1495107',1717,,1661,9,,,0
4029,'1495110',1837,,1662,9,,,0
4029,'1495113',1957,,1663,9,,,0
4029,'1495116',2117,,1664,9,,,0
4029,'1495346',637,,1665,9,,,0
4029,'1495349',757,,1666,9,,,0
4029,'1495352',917,,1667,9,,,0
4029,'1495355',1037,,1668,9,,,0
4029,'1495358',1157,,1669,9,,,0
4029,'1495361',1317,,1670,9,,,0
4029,'1495364',1437,,1671,9,,,0
4029,'1495367',1557,,1672,9,,,0
4029,'1495370',1717,,1673,9,,,0
4029,'1495373',1837,,1674,9,,,0
4029,'1495376',1957,,1675,9,,,0
4029,'1495379',2117,,1676,9,,,0
4029,'1495382',2237,,1677,9,,,0
4029,'1495384',2317,,1678,9,,,0
4029,'1495686',617,,1679,9,,,0
4029,'1495688',657,,1680,9,,,0
4029,'1495690',737,,1681,9,,,0
4029,'1495692',817,,1682,9,,,0
4029,'1495694',857,,1683,9,,,0
4029,'1495696',937,,1684,9,,,0
4029,'1495698',1017,,1685,9,,,0
4029,'1495700',1057,,1686,9,,,0
4029,'1495702',1137,,1687,9,,,0
4029,'1495704',1217,,1688,9,,,0
4029,'1495706',1257,,1689,9,,,0
4029,'1495708',1337,,1690,9,,,0
4029,'1495710',1417,,1691,9,,,0
4029,'1495712',1457,,1692,9,,,0
4029,'1495714',1537,,1693,9,,,0
4029,'1495716',1617,,1694,9,,,0
4029,'1495718',1657,,1695,9,,,0
4029,'1495720',1737,,1696,9,,,0
4029,'1495722',1817,,1697,9,,,0
4029,'1495724',1857,,1698,9,,,0
4029,'1495726',1937,,1699,9,,,0
4029,'1495728',2017,,1700,9,,,0
4029,'1495730',2057,,1701,9,,,0
4029,'1495732',2137,,1702,9,,,0
4029,'1495735',2257,,1703,9,,,0
