1029,'1494979',1026,,1352,10,,,0
1029,'1494981',1056,,1353,10,,,0
1029,'1494983',1136,,1354,10,,,0
1029,'1494985',1216,,1355,10,,,0
1029,'1494987',1256,,1356,10,,,0
1029,'1494989',1336,,1357,10,,,0
1029,'1494991',1416,,1358,10,,,0
1029,'1494993',1456,,1359,10,,,0
1029,'1494995',1536,,1360,10,,,0
1029,'1494997',1616,,1361,10,,,0
1029,'1494999',1656,,1362,10,,,0
1029,'1495001',1726,,1363,10,,,0
1029,'1495003',1756,,1364,10,,,0
1029,'1495005',1826,,1365,10,,,0
1029,'1495047',1856,,1366,10,,,0
1029,'1495051',1956,,1367,10,,,0
1029,'1495055',2056,,1368,10,,,0
1029,'1495059',2156,,1369,10,,,0
1029,'1495177',756,,1370,10,,,0
1029,'1495181',856,,1371,10,,,0
1029,'1495185',956,,1372,10,,,0
1029,'1495225',626,,1373,10,,,0
1029,'1495229',726,,1374,10,,,0
1029,'1495285',926,,1375,10,,,0
1029,'1495287',956,,1376,10,,,0
1029,'1495289',1026,,1377,10,,,0
1029,'1495291',1056,,1378,10,,,0
1029,'1495293',1136,,1379,10,,,0
1029,'1495295',1216,,1380,10,,,0
1029,'1495297',1256,,1381,10,,,0
1029,'1495299',1336,,1382,10,,,0
1029,'1495301',1416,,1383,10,,,0
1029,'1495303',1456,,1384,10,,,0
1029,'1495305',1536,,1385,10,,,0
1029,'1495307',1616,,1386,10,,,0
1029,'1495309',1656,,1387,10,,,0
1029,'1495311',1736,,1388,10,,,0
1029,'1495313',1816,,1389,10,,,0
1029,'1495315',1856,,1390,10,,,0
1029,'1495455',826,,1391,10,,,0
1029,'1495491',1926,,1392,10,,,0
1029,'1495495',2026,,1393,10,,,0
1029,'1495499',2126,,1394,10,,,0
1029,'1495503',2226,,1395,10,,,0
1029,'1495509',626,,1396,10,,,0
1029,'1495511',656,,1397,10,,,0
1029,'1495513',726,,1398,10,,,0
1029,'1495515',756,,1399,10,,,0
1029,'1495517',826,,1400,10,,,0
1029,'1495519',856,,1401,10,,,0
1029,'1495521',926,,1402,10,,,0
1029,'1495523',956,,1403,10,,,0
1029,'1495525',1026,,1404,10,,,0
1029,'1495527',1056,,1405,10,,,0
1029,'1495529',1136,,1406,10,,,0
1029,'1495531',1216,,1407,10,,,0
1029,'1495533',1256,,1408,10,,,0
1029,'1495535',1336,,1409,10,,,0
1029,'1495537',1416,,1410,10,,,0
1029,'1495539',1456,,1411,10,,,0
1029,'1495541',1536,,1412,10,,,0
1029,'1495543',1616,,1413,10,,,0
1029,'1495545',1656,,1414,10,,,0
1029,'1495547',1736,,1415,10,,,0
1029,'1495549',1816,,1416,10,,,0
1029,'1495551',1856,,1417,10,,,0
1029,'1495553',1926,,1418,10,,,0
1029,'1495555',1956,,1419,10,,,0
1029,'1495557',2026,,1420,10,,,0
1029,'1495559',2056,,1421,10,,,0
1029,'1495561',2126,,1422,10,,,0
1029,'1495563',2156,,1423,10,,,0
1029,'1495565',2226,,1424,10,,,0
1029,'1495569',2326,,1425,10,,,0
7019,'1495175',727,,1815,11,,,0
7019,'1495179',827,,1816,11,,,0
7019,'1495183',927,,1817,11,,,0
7019,'1495187',1037,,1818,11,,,0
7019,'1495189',1117,,1819,11,,,0
7019,'1495192',1237,,1820,11,,,0
7019,'1495194',1317,,1821,11,,,0
7019,'1495196',1357,,1822,11,,,0
7019,'1495198',1437,,1823,11,,,0
7019,'1495200',1517,,1824,11,,,0
7019,'1495202',1557,,1825,11,,,0
7019,'1495204',1637,,1826,11,,,0
7019,'1495206',1717,,1827,11,,,0
7019,'1495208',1757,,1828,11,,,0
7019,'1495210',1827,,1829,11,,,0
7019,'1495212',1857,,1830,11,,,0
7019,'1495215',1957,,1831,11,,,0
7019,'1495218',2057,,1832,11,,,0
7019,'1495221',2157,,1833,11,,,0
7019,'1495450',657,,1834,11,,,0
7019,'1495453',757,,1835,11,,,0
7019,'1495457',857,,1836,11,,,0
7019,'1495459',927,,1837,11,,,0
7019,'1495461',957,,1838,11,,,0
7019,'1495463',1037,,1839,11,,,0
7019,'1495465',1117,,1840,11,,,0
7019,'1495467',1157,,1841,11,,,0
7019,'1495469',1237,,1842,11,,,0
7019,'1495471',1317,,1843,11,,,0
7019,'1495473',1357,,1844,11,,,0
7019,'1495475',1437,,1845,11,,,0
7019,'1495477',1517,,1846,11,,,0
7019,'1495479',1557,,1847,11,,,0
7019,'1495481',1637,,1848,11,,,0
7019,'1495483',1717,,1849,11,,,0
7019,'1495485',1757,,1850,11,,,0
7019,'1495487',1827,,1851,11,,,0
7019,'1495489',1857,,1852,11,,,0
7019,'1495493',1957,,1853,11,,,0
7019,'1495497',2057,,1854,11,,,0
7019,'1495501',2157,,1855,11,,,0
7019,'1495505',2257,,1856,11,,,0
7019,'1495852',627,,1857,11,,,0
7019,'1495854',657,,1858,11,,,0
7019,'1495856',727,,1859,11,,,0
7019,'1495858',757,,1860,11,,,0
7019,'1495860',827,,1861,11,,,0
7019,'1495862',857,,1862,11,,,0
7019,'1495864',937,,1863,11,,,0
7019,'1495866',1017,,1864,11,,,0
7019,'1495868',1057,,1865,11,,,0
7019,'1495870',1137,,1866,11,,,0
7019,'1495872',1217,,1867,11,,,0
7019,'1495874',1257,,1868,11,,,0
7019,'1495876',1337,,1869,11,,,0
7019,'1495878',1417,,1870,11,,,0
7019,'1495880',1457,,1871,11,,,0
7019,'1495882',1537,,1872,11,,,0
7019,'1495884',1617,,1873,11,,,0
7019,'1495886',1657,,1874,11,,,0
7019,'1495888',1737,,1875,11,,,0
7019,'1495890',1817,,1876,11,,,0
7019,'1495892',1857,,1877,11,,,0
7019,'1495894',1927,,1878,11,,,0
7019,'1495896',1957,,1879,11,,,0
7019,'1495898',2027,,1880,11,,,0
7019,'1495900',2057,,1881,11,,,0
7019,'1495902',2127,,1882,11,,,0
7019,'1495904',2157,,1883,11,,,0
7019,'1495906',2227,,1884,11,,,0
7019,'1495908',2257,,1885,11,,,0
30003019,'1495062',757,,2119,22,,,0
30003019,'1495064',857,,2120,22,,,0
30003019,'1495066',957,,2121,22,,,0
30003019,'1495068',1057,,2122,22,,,0
30003019,'1495070',1157,,2123,22,,,0
30003019,'1495072',1257,,2124,22,,,0
30003019,'1495074',1357,,2125,22,,,0
30003019,'1495076',1457,,2126,22,,,0
30003019,'1495078',1557,,2127,22,,,0
30003019,'1495080',1657,,2128,22,,,0
30003019,'1495082',1757,,2129,22,,,0
30003019,'1495084',1857,,2130,22,,,0
30003019,'1495216',2027,,2131,22,,,0
30003019,'1495316',757,,2132,22,,,0
30003019,'1495318',857,,2133,22,,,0
30003019,'1495320',957,,2134,22,,,0
30003019,'1495322',1057,,2135,22,,,0
30003019,'1495324',1157,,2136,22,,,0
30003019,'1495326',1257,,2137,22,,,0
30003019,'1495328',1357,,2138,22,,,0
30003019,'1495330',1457,,2139,22,,,0
30003019,'1495332',1557,,2140,22,,,0
30003019,'1495334',1657,,2141,22,,,0
30003019,'1495336',1757,,2142,22,,,0
30003019,'1495338',1857,,2143,22,,,0
30003019,'1495340',1957,,2144,22,,,0
30003019,'1495342',2057,,2145,22,,,0
30003019,'1495344',2157,,2146,22,,,0
30003019,'1495631',727,,2147,22,,,0
30003019,'1495645',1427,,2148,22,,,0
30003019,'1495647',1527,,2149,22,,,0
30003019,'1495649',1627,,2150,22,,,0
30003019,'1495651',1727,,2151,22,,,0
30003019,'1495653',1827,,2152,22,,,0
30003019,'1495655',1927,,2153,22,,,0
30003019,'1495657',2027,,2154,22,,,0
30003019,'1495659',2127,,2155,22,,,0
30003019,'1495661',2227,,2156,22,,,0
30003019,'1495662',842,,2157,22,,,0
30003019,'1495663',912,,2158,22,,,0
30003019,'1495664',942,,2159,22,,,0
30003019,'1495665',1012,,2160,22,,,0
30003019,'1495666',1042,,2161,22,,,0
30003019,'1495667',1112,,2162,22,,,0
30003019,'1495668',1142,,2163,22,,,0
30003019,'1495669',1212,,2164,22,,,0
30003019,'1495670',1242,,2165,22,,,0
30003019,'1495671',1312,,2166,22,,,0
30003019,'1495672',1342,,2167,22,,,0
