6029,'1495148',727,,1736,28,,,0
6029,'1495150',847,,1738,28,,,0
6029,'1495152',948,,1739,21,,,0
6029,'1495154',1048,,1740,21,,,0
6029,'1495156',1148,,1741,21,,,0
6029,'1495158',1248,,1742,21,,,0
6029,'1495160',1348,,1743,21,,,0
6029,'1495162',1448,,1744,21,,,0
6029,'1495164',1607,,1746,28,,,0
6029,'1495166',1727,,1748,28,,,0
6029,'1495168',1847,,1750,28,,,0
6029,'1495170',2007,,1752,28,,,0
6029,'1495172',2118,,1753,21,,,0
6029,'1495419',627,,1754,28,,,0
6029,'1495421',747,,1756,28,,,0
6029,'1495423',848,,1757,21,,,0
6029,'1495425',948,,1758,21,,,0
6029,'1495427',1048,,1759,21,,,0
6029,'1495429',1148,,1760,21,,,0
6029,'1495431',1248,,1761,21,,,0
6029,'1495433',1348,,1762,21,,,0
6029,'1495435',1507,,1764,28,,,0
6029,'1495437',1627,,1766,28,,,0
6029,'1495439',1747,,1768,28,,,0
6029,'1495441',1907,,1770,28,,,0
6029,'1495443',2018,,1772,21,,,0
6029,'1495445',2118,,1773,21,,,0
6029,'1495447',2218,,1774,21,,,0
6029,'1495796',527,,1775,28,,,0
6029,'1495798',647,,1777,28,,,0
6029,'1495800',807,,1779,28,,,0
6029,'1495802',918,,1781,21,,,0
6029,'1495804',1018,,1782,21,,,0
6029,'1495806',1118,,1783,21,,,0
6029,'1495808',1218,,1784,21,,,0
6029,'1495810',1318,,1785,21,,,0
6029,'1495812',1418,,1786,21,,,0
6029,'1495814',1527,,1787,28,,,0
6029,'1495816',1647,,1789,28,,,0
6029,'1495818',1807,,1791,28,,,0
6029,'1495820',1927,,1793,28,,,0
6029,'1495822',2048,,1795,21,,,0
6029,'1495824',2148,,1796,21,,,0
6029,'1495826',2248,,1797,21,,,0
6029,'1495829',607,,1799,28,,,0
6029,'1495831',727,,1801,28,,,0
6029,'1495833',847,,1803,28,,,0
6029,'1495835',948,,1804,21,,,0
6029,'1495837',1048,,1805,21,,,0
6029,'1495839',1148,,1806,21,,,0
6029,'1495841',1248,,1807,21,,,0
6029,'1495843',1348,,1808,21,,,0
6029,'1495845',1448,,1809,21,,,0
6029,'1495847',1607,,1811,28,,,0
6029,'1495849',1727,,1813,28,,,0
