30003019,'1495062',750,,2119,15,,,0
30003019,'1495064',850,,2120,15,,,0
30003019,'1495066',950,,2121,15,,,0
30003019,'1495068',1050,,2122,15,,,0
30003019,'1495070',1150,,2123,15,,,0
30003019,'1495072',1250,,2124,15,,,0
30003019,'1495074',1350,,2125,15,,,0
30003019,'1495076',1450,,2126,15,,,0
30003019,'1495078',1550,,2127,15,,,0
30003019,'1495080',1650,,2128,15,,,0
30003019,'1495082',1750,,2129,15,,,0
30003019,'1495084',1850,,2130,15,,,0
30003019,'1495216',2020,,2131,15,,,0
30003019,'1495316',750,,2132,15,,,0
30003019,'1495318',850,,2133,15,,,0
30003019,'1495320',950,,2134,15,,,0
30003019,'1495322',1050,,2135,15,,,0
30003019,'1495324',1150,,2136,15,,,0
30003019,'1495326',1250,,2137,15,,,0
30003019,'1495328',1350,,2138,15,,,0
30003019,'1495330',1450,,2139,15,,,0
30003019,'1495332',1550,,2140,15,,,0
30003019,'1495334',1650,,2141,15,,,0
30003019,'1495336',1750,,2142,15,,,0
30003019,'1495338',1850,,2143,15,,,0
30003019,'1495340',1950,,2144,15,,,0
30003019,'1495342',2050,,2145,15,,,0
30003019,'1495344',2150,,2146,15,,,0
30003019,'1495631',720,,2147,15,,,0
30003019,'1495645',1420,,2148,15,,,0
30003019,'1495647',1520,,2149,15,,,0
30003019,'1495649',1620,,2150,15,,,0
30003019,'1495651',1720,,2151,15,,,0
30003019,'1495653',1820,,2152,15,,,0
30003019,'1495655',1920,,2153,15,,,0
30003019,'1495657',2020,,2154,15,,,0
30003019,'1495659',2120,,2155,15,,,0
30003019,'1495661',2220,,2156,15,,,0
30003019,'1495662',835,,2157,15,,,0
30003019,'1495663',905,,2158,15,,,0
30003019,'1495664',935,,2159,15,,,0
30003019,'1495665',1005,,2160,15,,,0
30003019,'1495666',1035,,2161,15,,,0
30003019,'1495667',1105,,2162,15,,,0
30003019,'1495668',1135,,2163,15,,,0
30003019,'1495669',1205,,2164,15,,,0
30003019,'1495670',1235,,2165,15,,,0
30003019,'1495671',1305,,2166,15,,,0
30003019,'1495672',1335,,2167,15,,,0
