2029,'1495007',725,,1515,13,,,0
2029,'1495009',755,,1516,13,,,0
2029,'1495011',825,,1517,13,,,0
2029,'1495013',855,,1518,13,,,0
2029,'1495015',925,,1519,13,,,0
2029,'1495017',955,,1520,13,,,0
2029,'1495019',1025,,1521,13,,,0
2029,'1495021',1055,,1522,13,,,0
2029,'1495023',1134,,1523,13,,,0
2029,'1495025',1214,,1524,13,,,0
2029,'1495027',1254,,1525,13,,,0
2029,'1495029',1334,,1526,13,,,0
2029,'1495031',1414,,1527,13,,,0
2029,'1495033',1454,,1528,13,,,0
2029,'1495035',1534,,1529,13,,,0
2029,'1495037',1614,,1530,13,,,0
2029,'1495039',1654,,1531,13,,,0
2029,'1495041',1725,,1532,13,,,0
2029,'1495043',1755,,1533,13,,,0
2029,'1495045',1825,,1534,13,,,0
2029,'1495049',1925,,1535,13,,,0
2029,'1495053',2025,,1536,13,,,0
2029,'1495057',2125,,1537,13,,,0
2029,'1495061',2225,,1538,13,,,0
2029,'1495227',655,,1539,13,,,0
2029,'1495231',755,,1540,13,,,0
2029,'1495233',825,,1541,13,,,0
2029,'1495235',855,,1542,13,,,0
2029,'1495237',925,,1543,13,,,0
2029,'1495239',955,,1544,13,,,0
2029,'1495241',1025,,1545,13,,,0
2029,'1495243',1055,,1546,13,,,0
2029,'1495245',1134,,1547,13,,,0
2029,'1495247',1214,,1548,13,,,0
2029,'1495249',1254,,1549,13,,,0
2029,'1495251',1334,,1550,13,,,0
2029,'1495253',1414,,1551,13,,,0
2029,'1495255',1454,,1552,13,,,0
2029,'1495257',1534,,1553,13,,,0
2029,'1495259',1614,,1554,13,,,0
2029,'1495261',1654,,1555,13,,,0
2029,'1495263',1734,,1556,13,,,0
2029,'1495265',1814,,1557,13,,,0
2029,'1495267',1854,,1558,13,,,0
2029,'1495269',1925,,1559,13,,,0
2029,'1495271',1955,,1560,13,,,0
2029,'1495273',2025,,1561,13,,,0
2029,'1495275',2055,,1562,13,,,0
2029,'1495277',2125,,1563,13,,,0
2029,'1495279',2155,,1564,13,,,0
2029,'1495281',2225,,1565,13,,,0
2029,'1495283',2255,,1566,13,,,0
2029,'1495567',2255,,1567,13,,,0
2029,'1495571',525,,1568,13,,,0
2029,'1495573',555,,1569,13,,,0
2029,'1495575',625,,1570,13,,,0
2029,'1495577',655,,1571,13,,,0
2029,'1495579',725,,1572,13,,,0
2029,'1495581',755,,1573,13,,,0
2029,'1495583',825,,1574,13,,,0
2029,'1495585',855,,1575,13,,,0
2029,'1495587',925,,1576,13,,,0
2029,'1495589',955,,1577,13,,,0
2029,'1495591',1025,,1578,13,,,0
2029,'1495593',1055,,1579,13,,,0
2029,'1495595',1134,,1580,13,,,0
2029,'1495597',1214,,1581,13,,,0
2029,'1495599',1254,,1582,13,,,0
2029,'1495601',1334,,1583,13,,,0
2029,'1495603',1414,,1584,13,,,0
2029,'1495605',1454,,1585,13,,,0
2029,'1495607',1534,,1586,13,,,0
2029,'1495609',1614,,1587,13,,,0
2029,'1495611',1654,,1588,13,,,0
2029,'1495613',1734,,1589,13,,,0
2029,'1495615',1814,,1590,13,,,0
2029,'1495617',1854,,1591,13,,,0
2029,'1495619',1925,,1592,13,,,0
2029,'1495621',1955,,1593,13,,,0
2029,'1495623',2025,,1594,13,,,0
2029,'1495625',2055,,1595,13,,,0
2029,'1495627',2125,,1596,13,,,0
2029,'1495629',2155,,1597,13,,,0
2029,'1495674',1434,,1598,13,,,0
2029,'1495676',1514,,1599,13,,,0
2029,'1495678',1554,,1600,13,,,0
2029,'1495680',1634,,1601,13,,,0
2029,'1495682',1714,,1602,13,,,0
2029,'1495684',1754,,1603,13,,,0
8019,'1495087',835,,1960,29,,,0
8019,'1495090',955,,1961,29,,,0
8019,'1495093',1115,,1962,29,,,0
8019,'1495096',1235,,1963,29,,,0
8019,'1495099',1355,,1964,29,,,0
8019,'1495102',1515,,1965,29,,,0
8019,'1495105',1635,,1966,29,,,0
8019,'1495108',1755,,1967,29,,,0
8019,'1495111',1915,,1968,29,,,0
8019,'1495114',2035,,1969,29,,,0
8019,'1495117',2155,,1970,29,,,0
8019,'1495190',1155,,1971,29,,,0
8019,'1495347',715,,1972,29,,,0
8019,'1495350',835,,1973,29,,,0
8019,'1495353',955,,1974,29,,,0
8019,'1495356',1115,,1975,29,,,0
8019,'1495359',1235,,1976,29,,,0
8019,'1495362',1355,,1977,29,,,0
8019,'1495365',1515,,1978,29,,,0
8019,'1495368',1635,,1979,29,,,0
8019,'1495371',1755,,1980,29,,,0
8019,'1495374',1915,,1981,29,,,0
8019,'1495377',2035,,1982,29,,,0
8019,'1495380',2155,,1983,29,,,0
8019,'1495733',2215,,1984,29,,,0
8019,'1495911',655,,1985,29,,,0
8019,'1495912',735,,1986,29,,,0
8019,'1495913',815,,1987,29,,,0
8019,'1495914',855,,1988,29,,,0
8019,'1495915',935,,1989,29,,,0
8019,'1495916',1015,,1990,29,,,0
8019,'1495917',1055,,1991,29,,,0
8019,'1495918',1135,,1992,29,,,0
8019,'1495919',1215,,1993,29,,,0
8019,'1495920',1255,,1994,29,,,0
8019,'1495921',1335,,1995,29,,,0
8019,'1495922',1415,,1996,29,,,0
8019,'1495923',1455,,1997,29,,,0
8019,'1495924',1535,,1998,29,,,0
8019,'1495925',1615,,1999,29,,,0
8019,'1495926',1655,,2000,29,,,0
8019,'1495927',1735,,2001,29,,,0
8019,'1495928',1815,,2002,29,,,0
8019,'1495929',1855,,2003,29,,,0
8019,'1495930',1935,,2004,29,,,0
8019,'1495931',2015,,2005,29,,,0
8019,'1495932',2055,,2006,29,,,0
