4019,'1495085',723,,1604,3,,,0
4019,'1495088',843,,1605,3,,,0
4019,'1495091',1003,,1606,3,,,0
4019,'1495094',1123,,1607,3,,,0
4019,'1495097',1243,,1608,3,,,0
4019,'1495100',1403,,1609,3,,,0
4019,'1495103',1523,,1610,3,,,0
4019,'1495106',1643,,1611,3,,,0
4019,'1495109',1803,,1612,3,,,0
4019,'1495112',1923,,1613,3,,,0
4019,'1495115',2043,,1614,3,,,0
4019,'1495345',603,,1615,3,,,0
4019,'1495348',723,,1616,3,,,0
4019,'1495351',843,,1617,3,,,0
4019,'1495354',1003,,1618,3,,,0
4019,'1495357',1123,,1619,3,,,0
4019,'1495360',1243,,1620,3,,,0
4019,'1495363',1403,,1621,3,,,0
4019,'1495366',1523,,1622,3,,,0
4019,'1495369',1643,,1623,3,,,0
4019,'1495372',1803,,1624,3,,,0
4019,'1495375',1923,,1625,3,,,0
4019,'1495378',2043,,1626,3,,,0
4019,'1495381',2203,,1627,3,,,0
4019,'1495383',2243,,1628,3,,,0
4019,'1495685',543,,1629,3,,,0
4019,'1495687',623,,1630,3,,,0
4019,'1495689',703,,1631,3,,,0
4019,'1495691',743,,1632,3,,,0
4019,'1495693',823,,1633,3,,,0
4019,'1495695',903,,1634,3,,,0
4019,'1495697',943,,1635,3,,,0
4019,'1495699',1023,,1636,3,,,0
4019,'1495701',1103,,1637,3,,,0
4019,'1495703',1143,,1638,3,,,0
4019,'1495705',1223,,1639,3,,,0
4019,'1495707',1303,,1640,3,,,0
4019,'1495709',1343,,1641,3,,,0
4019,'1495711',1423,,1642,3,,,0
4019,'1495713',1503,,1643,3,,,0
4019,'1495715',1543,,1644,3,,,0
4019,'1495717',1623,,1645,3,,,0
4019,'1495719',1703,,1646,3,,,0
4019,'1495721',1743,,1647,3,,,0
4019,'1495723',1823,,1648,3,,,0
4019,'1495725',1903,,1649,3,,,0
4019,'1495727',1943,,1650,3,,,0
4019,'1495729',2023,,1651,3,,,0
4019,'1495731',2103,,1652,3,,,0
4019,'1495734',2223,,1653,3,,,0
