2029,'1495007',722,,1515,8,,,0
2029,'1495009',752,,1516,8,,,0
2029,'1495011',822,,1517,8,,,0
2029,'1495013',852,,1518,8,,,0
2029,'1495015',922,,1519,8,,,0
2029,'1495017',952,,1520,8,,,0
2029,'1495019',1022,,1521,8,,,0
2029,'1495021',1052,,1522,8,,,0
2029,'1495023',1130,,1523,8,,,0
2029,'1495025',1210,,1524,8,,,0
2029,'1495027',1250,,1525,8,,,0
2029,'1495029',1330,,1526,8,,,0
2029,'1495031',1410,,1527,8,,,0
2029,'1495033',1450,,1528,8,,,0
2029,'1495035',1530,,1529,8,,,0
2029,'1495037',1610,,1530,8,,,0
2029,'1495039',1650,,1531,8,,,0
2029,'1495041',1722,,1532,8,,,0
2029,'1495043',1752,,1533,8,,,0
2029,'1495045',1822,,1534,8,,,0
2029,'1495049',1922,,1535,8,,,0
2029,'1495053',2022,,1536,8,,,0
2029,'1495057',2122,,1537,8,,,0
2029,'1495061',2222,,1538,8,,,0
2029,'1495227',652,,1539,8,,,0
2029,'1495231',752,,1540,8,,,0
2029,'1495233',822,,1541,8,,,0
2029,'1495235',852,,1542,8,,,0
2029,'1495237',922,,1543,8,,,0
2029,'1495239',952,,1544,8,,,0
2029,'1495241',1022,,1545,8,,,0
2029,'1495243',1052,,1546,8,,,0
2029,'1495245',1130,,1547,8,,,0
2029,'1495247',1210,,1548,8,,,0
2029,'1495249',1250,,1549,8,,,0
2029,'1495251',1330,,1550,8,,,0
2029,'1495253',1410,,1551,8,,,0
2029,'1495255',1450,,1552,8,,,0
2029,'1495257',1530,,1553,8,,,0
2029,'1495259',1610,,1554,8,,,0
2029,'1495261',1650,,1555,8,,,0
2029,'1495263',1730,,1556,8,,,0
2029,'1495265',1810,,1557,8,,,0
2029,'1495267',1850,,1558,8,,,0
2029,'1495269',1922,,1559,8,,,0
2029,'1495271',1952,,1560,8,,,0
2029,'1495273',2022,,1561,8,,,0
2029,'1495275',2052,,1562,8,,,0
2029,'1495277',2122,,1563,8,,,0
2029,'1495279',2152,,1564,8,,,0
2029,'1495281',2222,,1565,8,,,0
2029,'1495283',2252,,1566,8,,,0
2029,'1495567',2252,,1567,8,,,0
2029,'1495571',522,,1568,8,,,0
2029,'1495573',552,,1569,8,,,0
2029,'1495575',622,,1570,8,,,0
2029,'1495577',652,,1571,8,,,0
2029,'1495579',722,,1572,8,,,0
2029,'1495581',752,,1573,8,,,0
2029,'1495583',822,,1574,8,,,0
2029,'1495585',852,,1575,8,,,0
2029,'1495587',922,,1576,8,,,0
2029,'1495589',952,,1577,8,,,0
2029,'1495591',1022,,1578,8,,,0
2029,'1495593',1052,,1579,8,,,0
2029,'1495595',1130,,1580,8,,,0
2029,'1495597',1210,,1581,8,,,0
2029,'1495599',1250,,1582,8,,,0
2029,'1495601',1330,,1583,8,,,0
2029,'1495603',1410,,1584,8,,,0
2029,'1495605',1450,,1585,8,,,0
2029,'1495607',1530,,1586,8,,,0
2029,'1495609',1610,,1587,8,,,0
2029,'1495611',1650,,1588,8,,,0
2029,'1495613',1730,,1589,8,,,0
2029,'1495615',1810,,1590,8,,,0
2029,'1495617',1850,,1591,8,,,0
2029,'1495619',1922,,1592,8,,,0
2029,'1495621',1952,,1593,8,,,0
2029,'1495623',2022,,1594,8,,,0
2029,'1495625',2052,,1595,8,,,0
2029,'1495627',2122,,1596,8,,,0
2029,'1495629',2152,,1597,8,,,0
2029,'1495674',1430,,1598,8,,,0
2029,'1495676',1510,,1599,8,,,0
2029,'1495678',1550,,1600,8,,,0
2029,'1495680',1630,,1601,8,,,0
2029,'1495682',1710,,1602,8,,,0
2029,'1495684',1750,,1603,8,,,0
