30003019,'1495062',746,,2119,12,,,0
30003019,'1495064',846,,2120,12,,,0
30003019,'1495066',946,,2121,12,,,0
30003019,'1495068',1046,,2122,12,,,0
30003019,'1495070',1146,,2123,12,,,0
30003019,'1495072',1246,,2124,12,,,0
30003019,'1495074',1346,,2125,12,,,0
30003019,'1495076',1446,,2126,12,,,0
30003019,'1495078',1546,,2127,12,,,0
30003019,'1495080',1646,,2128,12,,,0
30003019,'1495082',1746,,2129,12,,,0
30003019,'1495084',1846,,2130,12,,,0
30003019,'1495216',2016,,2131,12,,,0
30003019,'1495316',746,,2132,12,,,0
30003019,'1495318',846,,2133,12,,,0
30003019,'1495320',946,,2134,12,,,0
30003019,'1495322',1046,,2135,12,,,0
30003019,'1495324',1146,,2136,12,,,0
30003019,'1495326',1246,,2137,12,,,0
30003019,'1495328',1346,,2138,12,,,0
30003019,'1495330',1446,,2139,12,,,0
30003019,'1495332',1546,,2140,12,,,0
30003019,'1495334',1646,,2141,12,,,0
30003019,'1495336',1746,,2142,12,,,0
30003019,'1495338',1846,,2143,12,,,0
30003019,'1495340',1946,,2144,12,,,0
30003019,'1495342',2046,,2145,12,,,0
30003019,'1495344',2146,,2146,12,,,0
30003019,'1495631',716,,2147,12,,,0
30003019,'1495645',1416,,2148,12,,,0
30003019,'1495647',1516,,2149,12,,,0
30003019,'1495649',1616,,2150,12,,,0
30003019,'1495651',1716,,2151,12,,,0
30003019,'1495653',1816,,2152,12,,,0
30003019,'1495655',1916,,2153,12,,,0
30003019,'1495657',2016,,2154,12,,,0
30003019,'1495659',2116,,2155,12,,,0
30003019,'1495661',2216,,2156,12,,,0
30003019,'1495662',831,,2157,12,,,0
30003019,'1495663',901,,2158,12,,,0
30003019,'1495664',931,,2159,12,,,0
30003019,'1495665',1001,,2160,12,,,0
30003019,'1495666',1031,,2161,12,,,0
30003019,'1495667',1101,,2162,12,,,0
30003019,'1495668',1131,,2163,12,,,0
30003019,'1495669',1201,,2164,12,,,0
30003019,'1495670',1231,,2165,12,,,0
30003019,'1495671',1301,,2166,12,,,0
30003019,'1495672',1331,,2167,12,,,0
