8019,'1495087',806,,1960,4,,,0
8019,'1495090',926,,1961,4,,,0
8019,'1495093',1046,,1962,4,,,0
8019,'1495096',1206,,1963,4,,,0
8019,'1495099',1326,,1964,4,,,0
8019,'1495102',1446,,1965,4,,,0
8019,'1495105',1606,,1966,4,,,0
8019,'1495108',1726,,1967,4,,,0
8019,'1495111',1846,,1968,4,,,0
8019,'1495114',2006,,1969,4,,,0
8019,'1495117',2126,,1970,4,,,0
8019,'1495190',1126,,1971,4,,,0
8019,'1495347',646,,1972,4,,,0
8019,'1495350',806,,1973,4,,,0
8019,'1495353',926,,1974,4,,,0
8019,'1495356',1046,,1975,4,,,0
8019,'1495359',1206,,1976,4,,,0
8019,'1495362',1326,,1977,4,,,0
8019,'1495365',1446,,1978,4,,,0
8019,'1495368',1606,,1979,4,,,0
8019,'1495371',1726,,1980,4,,,0
8019,'1495374',1846,,1981,4,,,0
8019,'1495377',2006,,1982,4,,,0
8019,'1495380',2126,,1983,4,,,0
8019,'1495733',2146,,1984,4,,,0
8019,'1495911',626,,1985,4,,,0
8019,'1495912',706,,1986,4,,,0
8019,'1495913',746,,1987,4,,,0
8019,'1495914',826,,1988,4,,,0
8019,'1495915',906,,1989,4,,,0
8019,'1495916',946,,1990,4,,,0
8019,'1495917',1026,,1991,4,,,0
8019,'1495918',1106,,1992,4,,,0
8019,'1495919',1146,,1993,4,,,0
8019,'1495920',1226,,1994,4,,,0
8019,'1495921',1306,,1995,4,,,0
8019,'1495922',1346,,1996,4,,,0
8019,'1495923',1426,,1997,4,,,0
8019,'1495924',1506,,1998,4,,,0
8019,'1495925',1546,,1999,4,,,0
8019,'1495926',1626,,2000,4,,,0
8019,'1495927',1706,,2001,4,,,0
8019,'1495928',1746,,2002,4,,,0
8019,'1495929',1826,,2003,4,,,0
8019,'1495930',1906,,2004,4,,,0
8019,'1495931',1946,,2005,4,,,0
8019,'1495932',2026,,2006,4,,,0
30003019,'1495062',736,,2119,4,,,0
30003019,'1495064',836,,2120,4,,,0
30003019,'1495066',936,,2121,4,,,0
30003019,'1495068',1036,,2122,4,,,0
30003019,'1495070',1136,,2123,4,,,0
30003019,'1495072',1236,,2124,4,,,0
30003019,'1495074',1336,,2125,4,,,0
30003019,'1495076',1436,,2126,4,,,0
30003019,'1495078',1536,,2127,4,,,0
30003019,'1495080',1636,,2128,4,,,0
30003019,'1495082',1736,,2129,4,,,0
30003019,'1495084',1836,,2130,4,,,0
30003019,'1495216',2006,,2131,4,,,0
30003019,'1495316',736,,2132,4,,,0
30003019,'1495318',836,,2133,4,,,0
30003019,'1495320',936,,2134,4,,,0
30003019,'1495322',1036,,2135,4,,,0
30003019,'1495324',1136,,2136,4,,,0
30003019,'1495326',1236,,2137,4,,,0
30003019,'1495328',1336,,2138,4,,,0
30003019,'1495330',1436,,2139,4,,,0
30003019,'1495332',1536,,2140,4,,,0
30003019,'1495334',1636,,2141,4,,,0
30003019,'1495336',1736,,2142,4,,,0
30003019,'1495338',1836,,2143,4,,,0
30003019,'1495340',1936,,2144,4,,,0
30003019,'1495342',2036,,2145,4,,,0
30003019,'1495344',2136,,2146,4,,,0
30003019,'1495631',706,,2147,4,,,0
30003019,'1495645',1406,,2148,4,,,0
30003019,'1495647',1506,,2149,4,,,0
30003019,'1495649',1606,,2150,4,,,0
30003019,'1495651',1706,,2151,4,,,0
30003019,'1495653',1806,,2152,4,,,0
30003019,'1495655',1906,,2153,4,,,0
30003019,'1495657',2006,,2154,4,,,0
30003019,'1495659',2106,,2155,4,,,0
30003019,'1495661',2206,,2156,4,,,0
30003019,'1495662',821,,2157,4,,,0
30003019,'1495663',851,,2158,4,,,0
30003019,'1495664',921,,2159,4,,,0
30003019,'1495665',951,,2160,4,,,0
30003019,'1495666',1021,,2161,4,,,0
30003019,'1495667',1051,,2162,4,,,0
30003019,'1495668',1121,,2163,4,,,0
30003019,'1495669',1151,,2164,4,,,0
30003019,'1495670',1221,,2165,4,,,0
30003019,'1495671',1251,,2166,4,,,0
30003019,'1495672',1321,,2167,4,,,0
