10003019,'1495063',816,,2007,14,,,0
10003019,'1495065',916,,2008,14,,,0
10003019,'1495067',1016,,2009,14,,,0
10003019,'1495069',1116,,2010,14,,,0
10003019,'1495071',1216,,2011,14,,,0
10003019,'1495073',1316,,2012,14,,,0
10003019,'1495075',1416,,2013,14,,,0
10003019,'1495077',1516,,2014,14,,,0
10003019,'1495079',1616,,2015,14,,,0
10003019,'1495081',1716,,2016,14,,,0
10003019,'1495083',1816,,2017,14,,,0
10003019,'1495213',1916,,2018,14,,,0
10003019,'1495219',2116,,2019,14,,,0
10003019,'1495317',816,,2020,14,,,0
10003019,'1495319',916,,2021,14,,,0
10003019,'1495321',1016,,2022,14,,,0
10003019,'1495323',1116,,2023,14,,,0
10003019,'1495325',1216,,2024,14,,,0
10003019,'1495327',1316,,2025,14,,,0
10003019,'1495329',1416,,2026,14,,,0
10003019,'1495331',1516,,2027,14,,,0
10003019,'1495333',1616,,2028,14,,,0
10003019,'1495335',1716,,2029,14,,,0
10003019,'1495337',1816,,2030,14,,,0
10003019,'1495339',1916,,2031,14,,,0
10003019,'1495341',2016,,2032,14,,,0
10003019,'1495343',2116,,2033,14,,,0
10003019,'1495451',716,,2034,14,,,0
10003019,'1495630',646,,2035,14,,,0
10003019,'1495632',746,,2036,14,,,0
10003019,'1495633',816,,2037,14,,,0
10003019,'1495634',846,,2038,14,,,0
10003019,'1495635',916,,2039,14,,,0
10003019,'1495636',946,,2040,14,,,0
10003019,'1495637',1016,,2041,14,,,0
10003019,'1495638',1046,,2042,14,,,0
10003019,'1495639',1116,,2043,14,,,0
10003019,'1495640',1146,,2044,14,,,0
10003019,'1495641',1216,,2045,14,,,0
10003019,'1495642',1246,,2046,14,,,0
10003019,'1495643',1316,,2047,14,,,0
10003019,'1495644',1346,,2048,14,,,0
10003019,'1495646',1446,,2049,14,,,0
10003019,'1495648',1546,,2050,14,,,0
10003019,'1495650',1646,,2051,14,,,0
10003019,'1495652',1746,,2052,14,,,0
10003019,'1495654',1846,,2053,14,,,0
10003019,'1495656',1946,,2054,14,,,0
10003019,'1495658',2046,,2055,14,,,0
10003019,'1495660',2146,,2056,14,,,0
