8019,'1495087',823,,1960,16,,,0
8019,'1495090',943,,1961,16,,,0
8019,'1495093',1103,,1962,16,,,0
8019,'1495096',1223,,1963,16,,,0
8019,'1495099',1343,,1964,16,,,0
8019,'1495102',1503,,1965,16,,,0
8019,'1495105',1623,,1966,16,,,0
8019,'1495108',1743,,1967,16,,,0
8019,'1495111',1903,,1968,16,,,0
8019,'1495114',2023,,1969,16,,,0
8019,'1495117',2143,,1970,16,,,0
8019,'1495190',1143,,1971,16,,,0
8019,'1495347',703,,1972,16,,,0
8019,'1495350',823,,1973,16,,,0
8019,'1495353',943,,1974,16,,,0
8019,'1495356',1103,,1975,16,,,0
8019,'1495359',1223,,1976,16,,,0
8019,'1495362',1343,,1977,16,,,0
8019,'1495365',1503,,1978,16,,,0
8019,'1495368',1623,,1979,16,,,0
8019,'1495371',1743,,1980,16,,,0
8019,'1495374',1903,,1981,16,,,0
8019,'1495377',2023,,1982,16,,,0
8019,'1495380',2143,,1983,16,,,0
8019,'1495733',2203,,1984,16,,,0
8019,'1495911',643,,1985,16,,,0
8019,'1495912',723,,1986,16,,,0
8019,'1495913',803,,1987,16,,,0
8019,'1495914',843,,1988,16,,,0
8019,'1495915',923,,1989,16,,,0
8019,'1495916',1003,,1990,16,,,0
8019,'1495917',1043,,1991,16,,,0
8019,'1495918',1123,,1992,16,,,0
8019,'1495919',1203,,1993,16,,,0
8019,'1495920',1243,,1994,16,,,0
8019,'1495921',1323,,1995,16,,,0
8019,'1495922',1403,,1996,16,,,0
8019,'1495923',1443,,1997,16,,,0
8019,'1495924',1523,,1998,16,,,0
8019,'1495925',1603,,1999,16,,,0
8019,'1495926',1643,,2000,16,,,0
8019,'1495927',1723,,2001,16,,,0
8019,'1495928',1803,,2002,16,,,0
8019,'1495929',1843,,2003,16,,,0
8019,'1495930',1923,,2004,16,,,0
8019,'1495931',2003,,2005,16,,,0
8019,'1495932',2043,,2006,16,,,0
