6029,'1495148',735,,1736,34,,,0
6029,'1495150',855,,1738,34,,,0
6029,'1495152',955,,1739,27,,,0
6029,'1495154',1055,,1740,27,,,0
6029,'1495156',1155,,1741,27,,,0
6029,'1495158',1255,,1742,27,,,0
6029,'1495160',1355,,1743,27,,,0
6029,'1495162',1455,,1744,27,,,0
6029,'1495164',1615,,1746,34,,,0
6029,'1495166',1735,,1748,34,,,0
6029,'1495168',1855,,1750,34,,,0
6029,'1495170',2015,,1752,34,,,0
6029,'1495172',2125,,1753,27,,,0
6029,'1495419',635,,1754,34,,,0
6029,'1495421',755,,1756,34,,,0
6029,'1495423',855,,1757,27,,,0
6029,'1495425',955,,1758,27,,,0
6029,'1495427',1055,,1759,27,,,0
6029,'1495429',1155,,1760,27,,,0
6029,'1495431',1255,,1761,27,,,0
6029,'1495433',1355,,1762,27,,,0
6029,'1495435',1515,,1764,34,,,0
6029,'1495437',1635,,1766,34,,,0
6029,'1495439',1755,,1768,34,,,0
6029,'1495441',1915,,1770,34,,,0
6029,'1495443',2025,,1772,27,,,0
6029,'1495445',2125,,1773,27,,,0
6029,'1495447',2225,,1774,27,,,0
6029,'1495796',535,,1775,34,,,0
6029,'1495798',655,,1777,34,,,0
6029,'1495800',815,,1779,34,,,0
6029,'1495802',925,,1781,27,,,0
6029,'1495804',1025,,1782,27,,,0
6029,'1495806',1125,,1783,27,,,0
6029,'1495808',1225,,1784,27,,,0
6029,'1495810',1325,,1785,27,,,0
6029,'1495812',1425,,1786,27,,,0
6029,'1495814',1535,,1787,34,,,0
6029,'1495816',1655,,1789,34,,,0
6029,'1495818',1815,,1791,34,,,0
6029,'1495820',1935,,1793,34,,,0
6029,'1495822',2055,,1795,27,,,0
6029,'1495824',2155,,1796,27,,,0
6029,'1495826',2255,,1797,27,,,0
6029,'1495829',615,,1799,34,,,0
6029,'1495831',735,,1801,34,,,0
6029,'1495833',855,,1803,34,,,0
6029,'1495835',955,,1804,27,,,0
6029,'1495837',1055,,1805,27,,,0
6029,'1495839',1155,,1806,27,,,0
6029,'1495841',1255,,1807,27,,,0
6029,'1495843',1355,,1808,27,,,0
6029,'1495845',1455,,1809,27,,,0
6029,'1495847',1615,,1811,34,,,0
6029,'1495849',1735,,1813,34,,,0
7029,'1495174',709,,1886,9,,,0
7029,'1495178',809,,1887,9,,,0
7029,'1495182',909,,1888,9,,,0
7029,'1495186',1013,,1889,9,,,0
7029,'1495188',1053,,1890,9,,,0
7029,'1495191',1213,,1891,9,,,0
7029,'1495193',1253,,1892,9,,,0
7029,'1495195',1333,,1893,9,,,0
7029,'1495197',1413,,1894,9,,,0
7029,'1495199',1453,,1895,9,,,0
7029,'1495201',1533,,1896,9,,,0
7029,'1495203',1613,,1897,9,,,0
7029,'1495205',1653,,1898,9,,,0
7029,'1495207',1733,,1899,9,,,0
7029,'1495209',1809,,1900,9,,,0
7029,'1495211',1839,,1901,9,,,0
7029,'1495214',1939,,1902,9,,,0
7029,'1495217',2039,,1903,9,,,0
7029,'1495220',2139,,1904,9,,,0
7029,'1495222',2209,,1905,9,,,0
7029,'1495449',639,,1906,9,,,0
7029,'1495452',739,,1907,9,,,0
7029,'1495456',839,,1908,9,,,0
7029,'1495458',909,,1909,9,,,0
7029,'1495460',939,,1910,9,,,0
7029,'1495462',1013,,1911,9,,,0
7029,'1495464',1053,,1912,9,,,0
7029,'1495466',1133,,1913,9,,,0
7029,'1495468',1213,,1914,9,,,0
7029,'1495470',1253,,1915,9,,,0
7029,'1495472',1333,,1916,9,,,0
7029,'1495474',1413,,1917,9,,,0
7029,'1495476',1453,,1918,9,,,0
7029,'1495478',1533,,1919,9,,,0
7029,'1495480',1613,,1920,9,,,0
7029,'1495482',1653,,1921,9,,,0
7029,'1495484',1733,,1922,9,,,0
7029,'1495486',1809,,1923,9,,,0
7029,'1495488',1839,,1924,9,,,0
7029,'1495492',1939,,1925,9,,,0
7029,'1495496',2039,,1926,9,,,0
7029,'1495500',2139,,1927,9,,,0
7029,'1495504',2239,,1928,9,,,0
7029,'1495506',2309,,1929,9,,,0
7029,'1495851',609,,1930,9,,,0
7029,'1495853',639,,1931,9,,,0
7029,'1495855',709,,1932,9,,,0
7029,'1495857',739,,1933,9,,,0
7029,'1495859',809,,1934,9,,,0
7029,'1495861',839,,1935,9,,,0
7029,'1495863',913,,1936,9,,,0
7029,'1495865',953,,1937,9,,,0
7029,'1495867',1033,,1938,9,,,0
7029,'1495869',1113,,1939,9,,,0
7029,'1495871',1153,,1940,9,,,0
7029,'1495873',1233,,1941,9,,,0
7029,'1495875',1313,,1942,9,,,0
7029,'1495877',1353,,1943,9,,,0
7029,'1495879',1433,,1944,9,,,0
7029,'1495881',1513,,1945,9,,,0
7029,'1495883',1553,,1946,9,,,0
7029,'1495885',1633,,1947,9,,,0
7029,'1495887',1713,,1948,9,,,0
7029,'1495889',1753,,1949,9,,,0
7029,'1495891',1833,,1950,9,,,0
7029,'1495893',1909,,1951,9,,,0
7029,'1495895',1939,,1952,9,,,0
7029,'1495897',2009,,1953,9,,,0
7029,'1495899',2039,,1954,9,,,0
7029,'1495901',2109,,1955,9,,,0
7029,'1495903',2139,,1956,9,,,0
7029,'1495905',2209,,1957,9,,,0
7029,'1495907',2239,,1958,9,,,0
7029,'1495909',2309,,1959,9,,,0
