30005019,'1495118',713,,2168,14,,,0
30005019,'1495120',813,,2169,14,,,0
30005019,'1495122',913,,2170,14,,,0
30005019,'1495124',1013,,2171,14,,,0
30005019,'1495126',1113,,2172,14,,,0
30005019,'1495128',1213,,2173,14,,,0
30005019,'1495130',1313,,2174,14,,,0
30005019,'1495132',1413,,2175,14,,,0
30005019,'1495134',1513,,2176,14,,,0
30005019,'1495136',1613,,2177,14,,,0
30005019,'1495138',1713,,2178,14,,,0
30005019,'1495140',1813,,2179,14,,,0
30005019,'1495142',1913,,2180,14,,,0
30005019,'1495144',2013,,2181,14,,,0
30005019,'1495146',2113,,2182,14,,,0
30005019,'1495385',613,,2183,14,,,0
30005019,'1495387',713,,2184,14,,,0
30005019,'1495389',813,,2185,14,,,0
30005019,'1495391',913,,2186,14,,,0
30005019,'1495393',1013,,2187,14,,,0
30005019,'1495395',1113,,2188,14,,,0
30005019,'1495397',1213,,2189,14,,,0
30005019,'1495399',1313,,2190,14,,,0
30005019,'1495401',1413,,2191,14,,,0
30005019,'1495403',1513,,2192,14,,,0
30005019,'1495405',1613,,2193,14,,,0
30005019,'1495407',1713,,2194,14,,,0
30005019,'1495409',1813,,2195,14,,,0
30005019,'1495411',1913,,2196,14,,,0
30005019,'1495413',2013,,2197,14,,,0
30005019,'1495415',2113,,2198,14,,,0
30005019,'1495417',2213,,2199,14,,,0
30005019,'1495760',1913,,2200,14,,,0
30005019,'1495762',2013,,2201,14,,,0
30005019,'1495764',2113,,2202,14,,,0
30005019,'1495766',2213,,2203,14,,,0
30005019,'1495768',513,,2204,14,,,0
30005019,'1495770',613,,2205,14,,,0
30005019,'1495772',713,,2206,14,,,0
30005019,'1495773',743,,2207,14,,,0
30005019,'1495774',813,,2208,14,,,0
30005019,'1495775',843,,2209,14,,,0
30005019,'1495776',913,,2210,14,,,0
30005019,'1495777',943,,2211,14,,,0
30005019,'1495778',1013,,2212,14,,,0
30005019,'1495779',1043,,2213,14,,,0
30005019,'1495780',1113,,2214,14,,,0
30005019,'1495781',1143,,2215,14,,,0
30005019,'1495782',1213,,2216,14,,,0
30005019,'1495783',1243,,2217,14,,,0
30005019,'1495784',1313,,2218,14,,,0
30005019,'1495785',1343,,2219,14,,,0
30005019,'1495786',1413,,2220,14,,,0
30005019,'1495787',1443,,2221,14,,,0
30005019,'1495788',1513,,2222,14,,,0
30005019,'1495789',1543,,2223,14,,,0
30005019,'1495790',1613,,2224,14,,,0
30005019,'1495791',1643,,2225,14,,,0
30005019,'1495792',1713,,2226,14,,,0
30005019,'1495793',1743,,2227,14,,,0
30005019,'1495794',1813,,2228,14,,,0
30005019,'1495795',1843,,2229,14,,,0
