4019,'1495085',720,,1604,1,,,0
4019,'1495088',840,,1605,1,,,0
4019,'1495091',1000,,1606,1,,,0
4019,'1495094',1120,,1607,1,,,0
4019,'1495097',1240,,1608,1,,,0
4019,'1495100',1400,,1609,1,,,0
4019,'1495103',1520,,1610,1,,,0
4019,'1495106',1640,,1611,1,,,0
4019,'1495109',1800,,1612,1,,,0
4019,'1495112',1920,,1613,1,,,0
4019,'1495115',2040,,1614,1,,,0
4019,'1495345',600,,1615,1,,,0
4019,'1495348',720,,1616,1,,,0
4019,'1495351',840,,1617,1,,,0
4019,'1495354',1000,,1618,1,,,0
4019,'1495357',1120,,1619,1,,,0
4019,'1495360',1240,,1620,1,,,0
4019,'1495363',1400,,1621,1,,,0
4019,'1495366',1520,,1622,1,,,0
4019,'1495369',1640,,1623,1,,,0
4019,'1495372',1800,,1624,1,,,0
4019,'1495375',1920,,1625,1,,,0
4019,'1495378',2040,,1626,1,,,0
4019,'1495381',2200,,1627,1,,,0
4019,'1495383',2240,,1628,1,,,0
4019,'1495685',540,,1629,1,,,0
4019,'1495687',620,,1630,1,,,0
4019,'1495689',700,,1631,1,,,0
4019,'1495691',740,,1632,1,,,0
4019,'1495693',820,,1633,1,,,0
4019,'1495695',900,,1634,1,,,0
4019,'1495697',940,,1635,1,,,0
4019,'1495699',1020,,1636,1,,,0
4019,'1495701',1100,,1637,1,,,0
4019,'1495703',1140,,1638,1,,,0
4019,'1495705',1220,,1639,1,,,0
4019,'1495707',1300,,1640,1,,,0
4019,'1495709',1340,,1641,1,,,0
4019,'1495711',1420,,1642,1,,,0
4019,'1495713',1500,,1643,1,,,0
4019,'1495715',1540,,1644,1,,,0
4019,'1495717',1620,,1645,1,,,0
4019,'1495719',1700,,1646,1,,,0
4019,'1495721',1740,,1647,1,,,0
4019,'1495723',1820,,1648,1,,,0
4019,'1495725',1900,,1649,1,,,0
4019,'1495727',1940,,1650,1,,,0
4019,'1495729',2020,,1651,1,,,0
4019,'1495731',2100,,1652,1,,,0
4019,'1495734',2220,,1653,1,,,0
4029,'1495086',758,,1654,10,4,,0
4029,'1495089',918,,1655,10,4,,0
4029,'1495092',1038,,1656,10,4,,0
4029,'1495095',1158,,1657,10,4,,0
4029,'1495098',1318,,1658,10,4,,0
4029,'1495101',1438,,1659,10,4,,0
4029,'1495104',1558,,1660,10,4,,0
4029,'1495107',1718,,1661,10,4,,0
4029,'1495110',1838,,1662,10,4,,0
4029,'1495113',1958,,1663,10,4,,0
4029,'1495116',2118,,1664,10,4,,0
4029,'1495346',638,,1665,10,4,,0
4029,'1495349',758,,1666,10,4,,0
4029,'1495352',918,,1667,10,4,,0
4029,'1495355',1038,,1668,10,4,,0
4029,'1495358',1158,,1669,10,4,,0
4029,'1495361',1318,,1670,10,4,,0
4029,'1495364',1438,,1671,10,4,,0
4029,'1495367',1558,,1672,10,4,,0
4029,'1495370',1718,,1673,10,4,,0
4029,'1495373',1838,,1674,10,4,,0
4029,'1495376',1958,,1675,10,4,,0
4029,'1495379',2118,,1676,10,4,,0
4029,'1495382',2238,,1677,10,4,,0
4029,'1495384',2318,,1678,10,4,,0
4029,'1495686',618,,1679,10,4,,0
4029,'1495688',658,,1680,10,4,,0
4029,'1495690',738,,1681,10,4,,0
4029,'1495692',818,,1682,10,4,,0
4029,'1495694',858,,1683,10,4,,0
4029,'1495696',938,,1684,10,4,,0
4029,'1495698',1018,,1685,10,4,,0
4029,'1495700',1058,,1686,10,4,,0
4029,'1495702',1138,,1687,10,4,,0
4029,'1495704',1218,,1688,10,4,,0
4029,'1495706',1258,,1689,10,4,,0
4029,'1495708',1338,,1690,10,4,,0
4029,'1495710',1418,,1691,10,4,,0
4029,'1495712',1458,,1692,10,4,,0
4029,'1495714',1538,,1693,10,4,,0
4029,'1495716',1618,,1694,10,4,,0
4029,'1495718',1658,,1695,10,4,,0
4029,'1495720',1738,,1696,10,4,,0
4029,'1495722',1818,,1697,10,4,,0
4029,'1495724',1858,,1698,10,4,,0
4029,'1495726',1938,,1699,10,4,,0
4029,'1495728',2018,,1700,10,4,,0
4029,'1495730',2058,,1701,10,4,,0
4029,'1495732',2138,,1702,10,4,,0
4029,'1495735',2258,,1703,10,4,,0
