4019,'1495085',732,,1604,13,,,0
4019,'1495088',852,,1605,13,,,0
4019,'1495091',1012,,1606,13,,,0
4019,'1495094',1132,,1607,13,,,0
4019,'1495097',1252,,1608,13,,,0
4019,'1495100',1412,,1609,13,,,0
4019,'1495103',1532,,1610,13,,,0
4019,'1495106',1652,,1611,13,,,0
4019,'1495109',1812,,1612,13,,,0
4019,'1495112',1932,,1613,13,,,0
4019,'1495115',2052,,1614,13,,,0
4019,'1495345',612,,1615,13,,,0
4019,'1495348',732,,1616,13,,,0
4019,'1495351',852,,1617,13,,,0
4019,'1495354',1012,,1618,13,,,0
4019,'1495357',1132,,1619,13,,,0
4019,'1495360',1252,,1620,13,,,0
4019,'1495363',1412,,1621,13,,,0
4019,'1495366',1532,,1622,13,,,0
4019,'1495369',1652,,1623,13,,,0
4019,'1495372',1812,,1624,13,,,0
4019,'1495375',1932,,1625,13,,,0
4019,'1495378',2052,,1626,13,,,0
4019,'1495381',2212,,1627,13,,,0
4019,'1495383',2252,,1628,13,,,0
4019,'1495685',552,,1629,13,,,0
4019,'1495687',632,,1630,13,,,0
4019,'1495689',712,,1631,13,,,0
4019,'1495691',752,,1632,13,,,0
4019,'1495693',832,,1633,13,,,0
4019,'1495695',912,,1634,13,,,0
4019,'1495697',952,,1635,13,,,0
4019,'1495699',1032,,1636,13,,,0
4019,'1495701',1112,,1637,13,,,0
4019,'1495703',1152,,1638,13,,,0
4019,'1495705',1232,,1639,13,,,0
4019,'1495707',1312,,1640,13,,,0
4019,'1495709',1352,,1641,13,,,0
4019,'1495711',1432,,1642,13,,,0
4019,'1495713',1512,,1643,13,,,0
4019,'1495715',1552,,1644,13,,,0
4019,'1495717',1632,,1645,13,,,0
4019,'1495719',1712,,1646,13,,,0
4019,'1495721',1752,,1647,13,,,0
4019,'1495723',1832,,1648,13,,,0
4019,'1495725',1912,,1649,13,,,0
4019,'1495727',1952,,1650,13,,,0
4019,'1495729',2032,,1651,13,,,0
4019,'1495731',2112,,1652,13,,,0
4019,'1495734',2232,,1653,13,,,0
140000019,'1495223',2307,,2230,44,,,0
140000019,'1495507',2407,,2231,44,,,0
140000019,'1495910',2407,,2232,44,,,0
