8019,'1495087',831,,1960,24,,,0
8019,'1495090',951,,1961,24,,,0
8019,'1495093',1111,,1962,24,,,0
8019,'1495096',1231,,1963,24,,,0
8019,'1495099',1351,,1964,24,,,0
8019,'1495102',1511,,1965,24,,,0
8019,'1495105',1631,,1966,24,,,0
8019,'1495108',1751,,1967,24,,,0
8019,'1495111',1911,,1968,24,,,0
8019,'1495114',2031,,1969,24,,,0
8019,'1495117',2151,,1970,24,,,0
8019,'1495190',1151,,1971,24,,,0
8019,'1495347',711,,1972,24,,,0
8019,'1495350',831,,1973,24,,,0
8019,'1495353',951,,1974,24,,,0
8019,'1495356',1111,,1975,24,,,0
8019,'1495359',1231,,1976,24,,,0
8019,'1495362',1351,,1977,24,,,0
8019,'1495365',1511,,1978,24,,,0
8019,'1495368',1631,,1979,24,,,0
8019,'1495371',1751,,1980,24,,,0
8019,'1495374',1911,,1981,24,,,0
8019,'1495377',2031,,1982,24,,,0
8019,'1495380',2151,,1983,24,,,0
8019,'1495733',2211,,1984,24,,,0
8019,'1495911',651,,1985,24,,,0
8019,'1495912',731,,1986,24,,,0
8019,'1495913',811,,1987,24,,,0
8019,'1495914',851,,1988,24,,,0
8019,'1495915',931,,1989,24,,,0
8019,'1495916',1011,,1990,24,,,0
8019,'1495917',1051,,1991,24,,,0
8019,'1495918',1131,,1992,24,,,0
8019,'1495919',1211,,1993,24,,,0
8019,'1495920',1251,,1994,24,,,0
8019,'1495921',1331,,1995,24,,,0
8019,'1495922',1411,,1996,24,,,0
8019,'1495923',1451,,1997,24,,,0
8019,'1495924',1531,,1998,24,,,0
8019,'1495925',1611,,1999,24,,,0
8019,'1495926',1651,,2000,24,,,0
8019,'1495927',1731,,2001,24,,,0
8019,'1495928',1811,,2002,24,,,0
8019,'1495929',1851,,2003,24,,,0
8019,'1495930',1931,,2004,24,,,0
8019,'1495931',2011,,2005,24,,,0
8019,'1495932',2051,,2006,24,,,0
