1,1019,'1494978',1278
1,1019,'1494980',1279
1,1019,'1494982',1280
1,1019,'1494984',1281
1,1019,'1494986',1282
1,1019,'1494988',1283
1,1019,'1494990',1284
1,1019,'1494992',1285
1,1019,'1494994',1286
1,1019,'1494996',1287
1,1019,'1494998',1288
1,1019,'1495000',1289
1,1019,'1495002',1290
1,1019,'1495004',1291
1,1019,'1495046',1292
1,1019,'1495050',1293
1,1019,'1495054',1294
1,1019,'1495058',1295
1,1019,'1495176',1296
1,1019,'1495180',1297
1,1019,'1495184',1298
1,1019,'1495224',1299
1,1019,'1495228',1300
1,1019,'1495284',1301
1,1019,'1495286',1302
1,1019,'1495288',1303
1,1019,'1495290',1304
1,1019,'1495292',1305
1,1019,'1495294',1306
1,1019,'1495296',1307
1,1019,'1495298',1308
1,1019,'1495300',1309
1,1019,'1495302',1310
1,1019,'1495304',1311
1,1019,'1495306',1312
1,1019,'1495308',1313
1,1019,'1495310',1314
1,1019,'1495312',1315
1,1019,'1495314',1316
1,1019,'1495454',1317
1,1019,'1495490',1318
1,1019,'1495494',1319
1,1019,'1495498',1320
1,1019,'1495502',1321
1,1019,'1495508',1322
1,1019,'1495510',1323
1,1019,'1495512',1324
1,1019,'1495514',1325
1,1019,'1495516',1326
1,1019,'1495518',1327
1,1019,'1495520',1328
1,1019,'1495522',1329
1,1019,'1495524',1330
1,1019,'1495526',1331
1,1019,'1495528',1332
1,1019,'1495530',1333
1,1019,'1495532',1334
1,1019,'1495534',1335
1,1019,'1495536',1336
1,1019,'1495538',1337
1,1019,'1495540',1338
1,1019,'1495542',1339
1,1019,'1495544',1340
1,1019,'1495546',1341
1,1019,'1495548',1342
1,1019,'1495550',1343
1,1019,'1495552',1344
1,1019,'1495554',1345
1,1019,'1495556',1346
1,1019,'1495558',1347
1,1019,'1495560',1348
1,1019,'1495562',1349
1,1019,'1495564',1350
1,1019,'1495568',1351
1,1029,'1494979',1352
1,1029,'1494981',1353
1,1029,'1494983',1354
1,1029,'1494985',1355
1,1029,'1494987',1356
1,1029,'1494989',1357
1,1029,'1494991',1358
1,1029,'1494993',1359
1,1029,'1494995',1360
1,1029,'1494997',1361
1,1029,'1494999',1362
1,1029,'1495001',1363
1,1029,'1495003',1364
1,1029,'1495005',1365
1,1029,'1495047',1366
1,1029,'1495051',1367
1,1029,'1495055',1368
1,1029,'1495059',1369
1,1029,'1495177',1370
1,1029,'1495181',1371
1,1029,'1495185',1372
1,1029,'1495225',1373
1,1029,'1495229',1374
1,1029,'1495285',1375
1,1029,'1495287',1376
1,1029,'1495289',1377
1,1029,'1495291',1378
1,1029,'1495293',1379
1,1029,'1495295',1380
1,1029,'1495297',1381
1,1029,'1495299',1382
1,1029,'1495301',1383
1,1029,'1495303',1384
1,1029,'1495305',1385
1,1029,'1495307',1386
1,1029,'1495309',1387
1,1029,'1495311',1388
1,1029,'1495313',1389
1,1029,'1495315',1390
1,1029,'1495455',1391
1,1029,'1495491',1392
1,1029,'1495495',1393
1,1029,'1495499',1394
1,1029,'1495503',1395
1,1029,'1495509',1396
1,1029,'1495511',1397
1,1029,'1495513',1398
1,1029,'1495515',1399
1,1029,'1495517',1400
1,1029,'1495519',1401
1,1029,'1495521',1402
1,1029,'1495523',1403
1,1029,'1495525',1404
1,1029,'1495527',1405
1,1029,'1495529',1406
1,1029,'1495531',1407
1,1029,'1495533',1408
1,1029,'1495535',1409
1,1029,'1495537',1410
1,1029,'1495539',1411
1,1029,'1495541',1412
1,1029,'1495543',1413
1,1029,'1495545',1414
1,1029,'1495547',1415
1,1029,'1495549',1416
1,1029,'1495551',1417
1,1029,'1495553',1418
1,1029,'1495555',1419
1,1029,'1495557',1420
1,1029,'1495559',1421
1,1029,'1495561',1422
1,1029,'1495563',1423
1,1029,'1495565',1424
1,1029,'1495569',1425
2,2019,'1495006',1426
2,2019,'1495008',1427
2,2019,'1495010',1428
2,2019,'1495012',1429
2,2019,'1495014',1430
2,2019,'1495016',1431
2,2019,'1495018',1432
2,2019,'1495020',1433
2,2019,'1495022',1434
2,2019,'1495024',1435
2,2019,'1495026',1436
2,2019,'1495028',1437
2,2019,'1495030',1438
2,2019,'1495032',1439
2,2019,'1495034',1440
2,2019,'1495036',1441
2,2019,'1495038',1442
2,2019,'1495040',1443
2,2019,'1495042',1444
2,2019,'1495044',1445
2,2019,'1495048',1446
2,2019,'1495052',1447
2,2019,'1495056',1448
2,2019,'1495060',1449
2,2019,'1495226',1450
2,2019,'1495230',1451
2,2019,'1495232',1452
2,2019,'1495234',1453
2,2019,'1495236',1454
2,2019,'1495238',1455
2,2019,'1495240',1456
2,2019,'1495242',1457
2,2019,'1495244',1458
2,2019,'1495246',1459
2,2019,'1495248',1460
2,2019,'1495250',1461
2,2019,'1495252',1462
2,2019,'1495254',1463
2,2019,'1495256',1464
2,2019,'1495258',1465
2,2019,'1495260',1466
2,2019,'1495262',1467
2,2019,'1495264',1468
2,2019,'1495266',1469
2,2019,'1495268',1470
2,2019,'1495270',1471
2,2019,'1495272',1472
2,2019,'1495274',1473
2,2019,'1495276',1474
2,2019,'1495278',1475
2,2019,'1495280',1476
2,2019,'1495282',1477
2,2019,'1495566',1478
2,2019,'1495570',1479
2,2019,'1495572',1480
2,2019,'1495574',1481
2,2019,'1495576',1482
2,2019,'1495578',1483
2,2019,'1495580',1484
2,2019,'1495582',1485
2,2019,'1495584',1486
2,2019,'1495586',1487
2,2019,'1495588',1488
2,2019,'1495590',1489
2,2019,'1495592',1490
2,2019,'1495594',1491
2,2019,'1495596',1492
2,2019,'1495598',1493
2,2019,'1495600',1494
2,2019,'1495602',1495
2,2019,'1495604',1496
2,2019,'1495606',1497
2,2019,'1495608',1498
2,2019,'1495610',1499
2,2019,'1495612',1500
2,2019,'1495614',1501
2,2019,'1495616',1502
2,2019,'1495618',1503
2,2019,'1495620',1504
2,2019,'1495622',1505
2,2019,'1495624',1506
2,2019,'1495626',1507
2,2019,'1495628',1508
2,2019,'1495673',1509
2,2019,'1495675',1510
2,2019,'1495677',1511
2,2019,'1495679',1512
2,2019,'1495681',1513
2,2019,'1495683',1514
2,2029,'1495007',1515
2,2029,'1495009',1516
2,2029,'1495011',1517
2,2029,'1495013',1518
2,2029,'1495015',1519
2,2029,'1495017',1520
2,2029,'1495019',1521
2,2029,'1495021',1522
2,2029,'1495023',1523
2,2029,'1495025',1524
2,2029,'1495027',1525
2,2029,'1495029',1526
2,2029,'1495031',1527
2,2029,'1495033',1528
2,2029,'1495035',1529
2,2029,'1495037',1530
2,2029,'1495039',1531
2,2029,'1495041',1532
2,2029,'1495043',1533
2,2029,'1495045',1534
2,2029,'1495049',1535
2,2029,'1495053',1536
2,2029,'1495057',1537
2,2029,'1495061',1538
2,2029,'1495227',1539
2,2029,'1495231',1540
2,2029,'1495233',1541
2,2029,'1495235',1542
2,2029,'1495237',1543
2,2029,'1495239',1544
2,2029,'1495241',1545
2,2029,'1495243',1546
2,2029,'1495245',1547
2,2029,'1495247',1548
2,2029,'1495249',1549
2,2029,'1495251',1550
2,2029,'1495253',1551
2,2029,'1495255',1552
2,2029,'1495257',1553
2,2029,'1495259',1554
2,2029,'1495261',1555
2,2029,'1495263',1556
2,2029,'1495265',1557
2,2029,'1495267',1558
2,2029,'1495269',1559
2,2029,'1495271',1560
2,2029,'1495273',1561
2,2029,'1495275',1562
2,2029,'1495277',1563
2,2029,'1495279',1564
2,2029,'1495281',1565
2,2029,'1495283',1566
2,2029,'1495567',1567
2,2029,'1495571',1568
2,2029,'1495573',1569
2,2029,'1495575',1570
2,2029,'1495577',1571
2,2029,'1495579',1572
2,2029,'1495581',1573
2,2029,'1495583',1574
2,2029,'1495585',1575
2,2029,'1495587',1576
2,2029,'1495589',1577
2,2029,'1495591',1578
2,2029,'1495593',1579
2,2029,'1495595',1580
2,2029,'1495597',1581
2,2029,'1495599',1582
2,2029,'1495601',1583
2,2029,'1495603',1584
2,2029,'1495605',1585
2,2029,'1495607',1586
2,2029,'1495609',1587
2,2029,'1495611',1588
2,2029,'1495613',1589
2,2029,'1495615',1590
2,2029,'1495617',1591
2,2029,'1495619',1592
2,2029,'1495621',1593
2,2029,'1495623',1594
2,2029,'1495625',1595
2,2029,'1495627',1596
2,2029,'1495629',1597
2,2029,'1495674',1598
2,2029,'1495676',1599
2,2029,'1495678',1600
2,2029,'1495680',1601
2,2029,'1495682',1602
2,2029,'1495684',1603
4,4019,'1495085',1604
4,4019,'1495088',1605
4,4019,'1495091',1606
4,4019,'1495094',1607
4,4019,'1495097',1608
4,4019,'1495100',1609
4,4019,'1495103',1610
4,4019,'1495106',1611
4,4019,'1495109',1612
4,4019,'1495112',1613
4,4019,'1495115',1614
4,4019,'1495345',1615
4,4019,'1495348',1616
4,4019,'1495351',1617
4,4019,'1495354',1618
4,4019,'1495357',1619
4,4019,'1495360',1620
4,4019,'1495363',1621
4,4019,'1495366',1622
4,4019,'1495369',1623
4,4019,'1495372',1624
4,4019,'1495375',1625
4,4019,'1495378',1626
4,4019,'1495381',1627
4,4019,'1495383',1628
4,4019,'1495685',1629
4,4019,'1495687',1630
4,4019,'1495689',1631
4,4019,'1495691',1632
4,4019,'1495693',1633
4,4019,'1495695',1634
4,4019,'1495697',1635
4,4019,'1495699',1636
4,4019,'1495701',1637
4,4019,'1495703',1638
4,4019,'1495705',1639
4,4019,'1495707',1640
4,4019,'1495709',1641
4,4019,'1495711',1642
4,4019,'1495713',1643
4,4019,'1495715',1644
4,4019,'1495717',1645
4,4019,'1495719',1646
4,4019,'1495721',1647
4,4019,'1495723',1648
4,4019,'1495725',1649
4,4019,'1495727',1650
4,4019,'1495729',1651
4,4019,'1495731',1652
4,4019,'1495734',1653
4,4029,'1495086',1654
4,4029,'1495089',1655
4,4029,'1495092',1656
4,4029,'1495095',1657
4,4029,'1495098',1658
4,4029,'1495101',1659
4,4029,'1495104',1660
4,4029,'1495107',1661
4,4029,'1495110',1662
4,4029,'1495113',1663
4,4029,'1495116',1664
4,4029,'1495346',1665
4,4029,'1495349',1666
4,4029,'1495352',1667
4,4029,'1495355',1668
4,4029,'1495358',1669
4,4029,'1495361',1670
4,4029,'1495364',1671
4,4029,'1495367',1672
4,4029,'1495370',1673
4,4029,'1495373',1674
4,4029,'1495376',1675
4,4029,'1495379',1676
4,4029,'1495382',1677
4,4029,'1495384',1678
4,4029,'1495686',1679
4,4029,'1495688',1680
4,4029,'1495690',1681
4,4029,'1495692',1682
4,4029,'1495694',1683
4,4029,'1495696',1684
4,4029,'1495698',1685
4,4029,'1495700',1686
4,4029,'1495702',1687
4,4029,'1495704',1688
4,4029,'1495706',1689
4,4029,'1495708',1690
4,4029,'1495710',1691
4,4029,'1495712',1692
4,4029,'1495714',1693
4,4029,'1495716',1694
4,4029,'1495718',1695
4,4029,'1495720',1696
4,4029,'1495722',1697
4,4029,'1495724',1698
4,4029,'1495726',1699
4,4029,'1495728',1700
4,4029,'1495730',1701
4,4029,'1495732',1702
4,4029,'1495735',1703
6,6019,'1495151',1704
6,6019,'1495153',1705
6,6019,'1495155',1706
6,6019,'1495157',1707
6,6019,'1495159',1708
6,6019,'1495161',1709
6,6019,'1495171',1710
6,6019,'1495173',1711
6,6019,'1495422',1712
6,6019,'1495424',1713
6,6019,'1495426',1714
6,6019,'1495428',1715
6,6019,'1495430',1716
6,6019,'1495432',1717
6,6019,'1495444',1718
6,6019,'1495446',1719
6,6019,'1495448',1720
6,6019,'1495803',1721
6,6019,'1495805',1722
6,6019,'1495807',1723
6,6019,'1495809',1724
6,6019,'1495811',1725
6,6019,'1495813',1726
6,6019,'1495823',1727
6,6019,'1495825',1728
6,6019,'1495827',1729
6,6019,'1495834',1730
6,6019,'1495836',1731
6,6019,'1495838',1732
6,6019,'1495840',1733
6,6019,'1495842',1734
6,6019,'1495844',1735
6,6029,'1495148',1736
6,6029,'1495149',1737
6,6029,'1495150',1738
6,6029,'1495152',1739
6,6029,'1495154',1740
6,6029,'1495156',1741
6,6029,'1495158',1742
6,6029,'1495160',1743
6,6029,'1495162',1744
6,6029,'1495163',1745
6,6029,'1495164',1746
6,6029,'1495165',1747
6,6029,'1495166',1748
6,6029,'1495167',1749
6,6029,'1495168',1750
6,6029,'1495169',1751
6,6029,'1495170',1752
6,6029,'1495172',1753
6,6029,'1495419',1754
6,6029,'1495420',1755
6,6029,'1495421',1756
6,6029,'1495423',1757
6,6029,'1495425',1758
6,6029,'1495427',1759
6,6029,'1495429',1760
6,6029,'1495431',1761
6,6029,'1495433',1762
6,6029,'1495434',1763
6,6029,'1495435',1764
6,6029,'1495436',1765
6,6029,'1495437',1766
6,6029,'1495438',1767
6,6029,'1495439',1768
6,6029,'1495440',1769
6,6029,'1495441',1770
6,6029,'1495442',1771
6,6029,'1495443',1772
6,6029,'1495445',1773
6,6029,'1495447',1774
6,6029,'1495796',1775
6,6029,'1495797',1776
6,6029,'1495798',1777
6,6029,'1495799',1778
6,6029,'1495800',1779
6,6029,'1495801',1780
6,6029,'1495802',1781
6,6029,'1495804',1782
6,6029,'1495806',1783
6,6029,'1495808',1784
6,6029,'1495810',1785
6,6029,'1495812',1786
6,6029,'1495814',1787
6,6029,'1495815',1788
6,6029,'1495816',1789
6,6029,'1495817',1790
6,6029,'1495818',1791
6,6029,'1495819',1792
6,6029,'1495820',1793
6,6029,'1495821',1794
6,6029,'1495822',1795
6,6029,'1495824',1796
6,6029,'1495826',1797
6,6029,'1495828',1798
6,6029,'1495829',1799
6,6029,'1495830',1800
6,6029,'1495831',1801
6,6029,'1495832',1802
6,6029,'1495833',1803
6,6029,'1495835',1804
6,6029,'1495837',1805
6,6029,'1495839',1806
6,6029,'1495841',1807
6,6029,'1495843',1808
6,6029,'1495845',1809
6,6029,'1495846',1810
6,6029,'1495847',1811
6,6029,'1495848',1812
6,6029,'1495849',1813
6,6029,'1495850',1814
7,7019,'1495175',1815
7,7019,'1495179',1816
7,7019,'1495183',1817
7,7019,'1495187',1818
7,7019,'1495189',1819
7,7019,'1495192',1820
7,7019,'1495194',1821
7,7019,'1495196',1822
7,7019,'1495198',1823
7,7019,'1495200',1824
7,7019,'1495202',1825
7,7019,'1495204',1826
7,7019,'1495206',1827
7,7019,'1495208',1828
7,7019,'1495210',1829
7,7019,'1495212',1830
7,7019,'1495215',1831
7,7019,'1495218',1832
7,7019,'1495221',1833
7,7019,'1495450',1834
7,7019,'1495453',1835
7,7019,'1495457',1836
7,7019,'1495459',1837
7,7019,'1495461',1838
7,7019,'1495463',1839
7,7019,'1495465',1840
7,7019,'1495467',1841
7,7019,'1495469',1842
7,7019,'1495471',1843
7,7019,'1495473',1844
7,7019,'1495475',1845
7,7019,'1495477',1846
7,7019,'1495479',1847
7,7019,'1495481',1848
7,7019,'1495483',1849
7,7019,'1495485',1850
7,7019,'1495487',1851
7,7019,'1495489',1852
7,7019,'1495493',1853
7,7019,'1495497',1854
7,7019,'1495501',1855
7,7019,'1495505',1856
7,7019,'1495852',1857
7,7019,'1495854',1858
7,7019,'1495856',1859
7,7019,'1495858',1860
7,7019,'1495860',1861
7,7019,'1495862',1862
7,7019,'1495864',1863
7,7019,'1495866',1864
7,7019,'1495868',1865
7,7019,'1495870',1866
7,7019,'1495872',1867
7,7019,'1495874',1868
7,7019,'1495876',1869
7,7019,'1495878',1870
7,7019,'1495880',1871
7,7019,'1495882',1872
7,7019,'1495884',1873
7,7019,'1495886',1874
7,7019,'1495888',1875
7,7019,'1495890',1876
7,7019,'1495892',1877
7,7019,'1495894',1878
7,7019,'1495896',1879
7,7019,'1495898',1880
7,7019,'1495900',1881
7,7019,'1495902',1882
7,7019,'1495904',1883
7,7019,'1495906',1884
7,7019,'1495908',1885
7,7029,'1495174',1886
7,7029,'1495178',1887
7,7029,'1495182',1888
7,7029,'1495186',1889
7,7029,'1495188',1890
7,7029,'1495191',1891
7,7029,'1495193',1892
7,7029,'1495195',1893
7,7029,'1495197',1894
7,7029,'1495199',1895
7,7029,'1495201',1896
7,7029,'1495203',1897
7,7029,'1495205',1898
7,7029,'1495207',1899
7,7029,'1495209',1900
7,7029,'1495211',1901
7,7029,'1495214',1902
7,7029,'1495217',1903
7,7029,'1495220',1904
7,7029,'1495222',1905
7,7029,'1495449',1906
7,7029,'1495452',1907
7,7029,'1495456',1908
7,7029,'1495458',1909
7,7029,'1495460',1910
7,7029,'1495462',1911
7,7029,'1495464',1912
7,7029,'1495466',1913
7,7029,'1495468',1914
7,7029,'1495470',1915
7,7029,'1495472',1916
7,7029,'1495474',1917
7,7029,'1495476',1918
7,7029,'1495478',1919
7,7029,'1495480',1920
7,7029,'1495482',1921
7,7029,'1495484',1922
7,7029,'1495486',1923
7,7029,'1495488',1924
7,7029,'1495492',1925
7,7029,'1495496',1926
7,7029,'1495500',1927
7,7029,'1495504',1928
7,7029,'1495506',1929
7,7029,'1495851',1930
7,7029,'1495853',1931
7,7029,'1495855',1932
7,7029,'1495857',1933
7,7029,'1495859',1934
7,7029,'1495861',1935
7,7029,'1495863',1936
7,7029,'1495865',1937
7,7029,'1495867',1938
7,7029,'1495869',1939
7,7029,'1495871',1940
7,7029,'1495873',1941
7,7029,'1495875',1942
7,7029,'1495877',1943
7,7029,'1495879',1944
7,7029,'1495881',1945
7,7029,'1495883',1946
7,7029,'1495885',1947
7,7029,'1495887',1948
7,7029,'1495889',1949
7,7029,'1495891',1950
7,7029,'1495893',1951
7,7029,'1495895',1952
7,7029,'1495897',1953
7,7029,'1495899',1954
7,7029,'1495901',1955
7,7029,'1495903',1956
7,7029,'1495905',1957
7,7029,'1495907',1958
7,7029,'1495909',1959
8,8019,'1495087',1960
8,8019,'1495090',1961
8,8019,'1495093',1962
8,8019,'1495096',1963
8,8019,'1495099',1964
8,8019,'1495102',1965
8,8019,'1495105',1966
8,8019,'1495108',1967
8,8019,'1495111',1968
8,8019,'1495114',1969
8,8019,'1495117',1970
8,8019,'1495190',1971
8,8019,'1495347',1972
8,8019,'1495350',1973
8,8019,'1495353',1974
8,8019,'1495356',1975
8,8019,'1495359',1976
8,8019,'1495362',1977
8,8019,'1495365',1978
8,8019,'1495368',1979
8,8019,'1495371',1980
8,8019,'1495374',1981
8,8019,'1495377',1982
8,8019,'1495380',1983
8,8019,'1495733',1984
8,8019,'1495911',1985
8,8019,'1495912',1986
8,8019,'1495913',1987
8,8019,'1495914',1988
8,8019,'1495915',1989
8,8019,'1495916',1990
8,8019,'1495917',1991
8,8019,'1495918',1992
8,8019,'1495919',1993
8,8019,'1495920',1994
8,8019,'1495921',1995
8,8019,'1495922',1996
8,8019,'1495923',1997
8,8019,'1495924',1998
8,8019,'1495925',1999
8,8019,'1495926',2000
8,8019,'1495927',2001
8,8019,'1495928',2002
8,8019,'1495929',2003
8,8019,'1495930',2004
8,8019,'1495931',2005
8,8019,'1495932',2006
10003,10003019,'1495063',2007
10003,10003019,'1495065',2008
10003,10003019,'1495067',2009
10003,10003019,'1495069',2010
10003,10003019,'1495071',2011
10003,10003019,'1495073',2012
10003,10003019,'1495075',2013
10003,10003019,'1495077',2014
10003,10003019,'1495079',2015
10003,10003019,'1495081',2016
10003,10003019,'1495083',2017
10003,10003019,'1495213',2018
10003,10003019,'1495219',2019
10003,10003019,'1495317',2020
10003,10003019,'1495319',2021
10003,10003019,'1495321',2022
10003,10003019,'1495323',2023
10003,10003019,'1495325',2024
10003,10003019,'1495327',2025
10003,10003019,'1495329',2026
10003,10003019,'1495331',2027
10003,10003019,'1495333',2028
10003,10003019,'1495335',2029
10003,10003019,'1495337',2030
10003,10003019,'1495339',2031
10003,10003019,'1495341',2032
10003,10003019,'1495343',2033
10003,10003019,'1495451',2034
10003,10003019,'1495630',2035
10003,10003019,'1495632',2036
10003,10003019,'1495633',2037
10003,10003019,'1495634',2038
10003,10003019,'1495635',2039
10003,10003019,'1495636',2040
10003,10003019,'1495637',2041
10003,10003019,'1495638',2042
10003,10003019,'1495639',2043
10003,10003019,'1495640',2044
10003,10003019,'1495641',2045
10003,10003019,'1495642',2046
10003,10003019,'1495643',2047
10003,10003019,'1495644',2048
10003,10003019,'1495646',2049
10003,10003019,'1495648',2050
10003,10003019,'1495650',2051
10003,10003019,'1495652',2052
10003,10003019,'1495654',2053
10003,10003019,'1495656',2054
10003,10003019,'1495658',2055
10003,10003019,'1495660',2056
10005,10005019,'1495119',2057
10005,10005019,'1495121',2058
10005,10005019,'1495123',2059
10005,10005019,'1495125',2060
10005,10005019,'1495127',2061
10005,10005019,'1495129',2062
10005,10005019,'1495131',2063
10005,10005019,'1495133',2064
10005,10005019,'1495135',2065
10005,10005019,'1495137',2066
10005,10005019,'1495139',2067
10005,10005019,'1495141',2068
10005,10005019,'1495143',2069
10005,10005019,'1495145',2070
10005,10005019,'1495147',2071
10005,10005019,'1495386',2072
10005,10005019,'1495388',2073
10005,10005019,'1495390',2074
10005,10005019,'1495392',2075
10005,10005019,'1495394',2076
10005,10005019,'1495396',2077
10005,10005019,'1495398',2078
10005,10005019,'1495400',2079
10005,10005019,'1495402',2080
10005,10005019,'1495404',2081
10005,10005019,'1495406',2082
10005,10005019,'1495408',2083
10005,10005019,'1495410',2084
10005,10005019,'1495412',2085
10005,10005019,'1495414',2086
10005,10005019,'1495416',2087
10005,10005019,'1495418',2088
10005,10005019,'1495736',2089
10005,10005019,'1495737',2090
10005,10005019,'1495738',2091
10005,10005019,'1495739',2092
10005,10005019,'1495740',2093
10005,10005019,'1495741',2094
10005,10005019,'1495742',2095
10005,10005019,'1495743',2096
10005,10005019,'1495744',2097
10005,10005019,'1495745',2098
10005,10005019,'1495746',2099
10005,10005019,'1495747',2100
10005,10005019,'1495748',2101
10005,10005019,'1495749',2102
10005,10005019,'1495750',2103
10005,10005019,'1495751',2104
10005,10005019,'1495752',2105
10005,10005019,'1495753',2106
10005,10005019,'1495754',2107
10005,10005019,'1495755',2108
10005,10005019,'1495756',2109
10005,10005019,'1495757',2110
10005,10005019,'1495758',2111
10005,10005019,'1495759',2112
10005,10005019,'1495761',2113
10005,10005019,'1495763',2114
10005,10005019,'1495765',2115
10005,10005019,'1495767',2116
10005,10005019,'1495769',2117
10005,10005019,'1495771',2118
30003,30003019,'1495062',2119
30003,30003019,'1495064',2120
30003,30003019,'1495066',2121
30003,30003019,'1495068',2122
30003,30003019,'1495070',2123
30003,30003019,'1495072',2124
30003,30003019,'1495074',2125
30003,30003019,'1495076',2126
30003,30003019,'1495078',2127
30003,30003019,'1495080',2128
30003,30003019,'1495082',2129
30003,30003019,'1495084',2130
30003,30003019,'1495216',2131
30003,30003019,'1495316',2132
30003,30003019,'1495318',2133
30003,30003019,'1495320',2134
30003,30003019,'1495322',2135
30003,30003019,'1495324',2136
30003,30003019,'1495326',2137
30003,30003019,'1495328',2138
30003,30003019,'1495330',2139
30003,30003019,'1495332',2140
30003,30003019,'1495334',2141
30003,30003019,'1495336',2142
30003,30003019,'1495338',2143
30003,30003019,'1495340',2144
30003,30003019,'1495342',2145
30003,30003019,'1495344',2146
30003,30003019,'1495631',2147
30003,30003019,'1495645',2148
30003,30003019,'1495647',2149
30003,30003019,'1495649',2150
30003,30003019,'1495651',2151
30003,30003019,'1495653',2152
30003,30003019,'1495655',2153
30003,30003019,'1495657',2154
30003,30003019,'1495659',2155
30003,30003019,'1495661',2156
30003,30003019,'1495662',2157
30003,30003019,'1495663',2158
30003,30003019,'1495664',2159
30003,30003019,'1495665',2160
30003,30003019,'1495666',2161
30003,30003019,'1495667',2162
30003,30003019,'1495668',2163
30003,30003019,'1495669',2164
30003,30003019,'1495670',2165
30003,30003019,'1495671',2166
30003,30003019,'1495672',2167
30005,30005019,'1495118',2168
30005,30005019,'1495120',2169
30005,30005019,'1495122',2170
30005,30005019,'1495124',2171
30005,30005019,'1495126',2172
30005,30005019,'1495128',2173
30005,30005019,'1495130',2174
30005,30005019,'1495132',2175
30005,30005019,'1495134',2176
30005,30005019,'1495136',2177
30005,30005019,'1495138',2178
30005,30005019,'1495140',2179
30005,30005019,'1495142',2180
30005,30005019,'1495144',2181
30005,30005019,'1495146',2182
30005,30005019,'1495385',2183
30005,30005019,'1495387',2184
30005,30005019,'1495389',2185
30005,30005019,'1495391',2186
30005,30005019,'1495393',2187
30005,30005019,'1495395',2188
30005,30005019,'1495397',2189
30005,30005019,'1495399',2190
30005,30005019,'1495401',2191
30005,30005019,'1495403',2192
30005,30005019,'1495405',2193
30005,30005019,'1495407',2194
30005,30005019,'1495409',2195
30005,30005019,'1495411',2196
30005,30005019,'1495413',2197
30005,30005019,'1495415',2198
30005,30005019,'1495417',2199
30005,30005019,'1495760',2200
30005,30005019,'1495762',2201
30005,30005019,'1495764',2202
30005,30005019,'1495766',2203
30005,30005019,'1495768',2204
30005,30005019,'1495770',2205
30005,30005019,'1495772',2206
30005,30005019,'1495773',2207
30005,30005019,'1495774',2208
30005,30005019,'1495775',2209
30005,30005019,'1495776',2210
30005,30005019,'1495777',2211
30005,30005019,'1495778',2212
30005,30005019,'1495779',2213
30005,30005019,'1495780',2214
30005,30005019,'1495781',2215
30005,30005019,'1495782',2216
30005,30005019,'1495783',2217
30005,30005019,'1495784',2218
30005,30005019,'1495785',2219
30005,30005019,'1495786',2220
30005,30005019,'1495787',2221
30005,30005019,'1495788',2222
30005,30005019,'1495789',2223
30005,30005019,'1495790',2224
30005,30005019,'1495791',2225
30005,30005019,'1495792',2226
30005,30005019,'1495793',2227
30005,30005019,'1495794',2228
30005,30005019,'1495795',2229
140000,140000019,'1495223',2230
140000,140000019,'1495507',2231
140000,140000019,'1495910',2232
