2029,'1495007',717,,1515,3,,,0
2029,'1495009',747,,1516,3,,,0
2029,'1495011',817,,1517,3,,,0
2029,'1495013',847,,1518,3,,,0
2029,'1495015',917,,1519,3,,,0
2029,'1495017',947,,1520,3,,,0
2029,'1495019',1017,,1521,3,,,0
2029,'1495021',1047,,1522,3,,,0
2029,'1495023',1123,,1523,3,,,0
2029,'1495025',1203,,1524,3,,,0
2029,'1495027',1243,,1525,3,,,0
2029,'1495029',1323,,1526,3,,,0
2029,'1495031',1403,,1527,3,,,0
2029,'1495033',1443,,1528,3,,,0
2029,'1495035',1523,,1529,3,,,0
2029,'1495037',1603,,1530,3,,,0
2029,'1495039',1643,,1531,3,,,0
2029,'1495041',1717,,1532,3,,,0
2029,'1495043',1747,,1533,3,,,0
2029,'1495045',1817,,1534,3,,,0
2029,'1495049',1917,,1535,3,,,0
2029,'1495053',2017,,1536,3,,,0
2029,'1495057',2117,,1537,3,,,0
2029,'1495061',2217,,1538,3,,,0
2029,'1495227',647,,1539,3,,,0
2029,'1495231',747,,1540,3,,,0
2029,'1495233',817,,1541,3,,,0
2029,'1495235',847,,1542,3,,,0
2029,'1495237',917,,1543,3,,,0
2029,'1495239',947,,1544,3,,,0
2029,'1495241',1017,,1545,3,,,0
2029,'1495243',1047,,1546,3,,,0
2029,'1495245',1123,,1547,3,,,0
2029,'1495247',1203,,1548,3,,,0
2029,'1495249',1243,,1549,3,,,0
2029,'1495251',1323,,1550,3,,,0
2029,'1495253',1403,,1551,3,,,0
2029,'1495255',1443,,1552,3,,,0
2029,'1495257',1523,,1553,3,,,0
2029,'1495259',1603,,1554,3,,,0
2029,'1495261',1643,,1555,3,,,0
2029,'1495263',1723,,1556,3,,,0
2029,'1495265',1803,,1557,3,,,0
2029,'1495267',1843,,1558,3,,,0
2029,'1495269',1917,,1559,3,,,0
2029,'1495271',1947,,1560,3,,,0
2029,'1495273',2017,,1561,3,,,0
2029,'1495275',2047,,1562,3,,,0
2029,'1495277',2117,,1563,3,,,0
2029,'1495279',2147,,1564,3,,,0
2029,'1495281',2217,,1565,3,,,0
2029,'1495283',2247,,1566,3,,,0
2029,'1495567',2247,,1567,3,,,0
2029,'1495571',517,,1568,3,,,0
2029,'1495573',547,,1569,3,,,0
2029,'1495575',617,,1570,3,,,0
2029,'1495577',647,,1571,3,,,0
2029,'1495579',717,,1572,3,,,0
2029,'1495581',747,,1573,3,,,0
2029,'1495583',817,,1574,3,,,0
2029,'1495585',847,,1575,3,,,0
2029,'1495587',917,,1576,3,,,0
2029,'1495589',947,,1577,3,,,0
2029,'1495591',1017,,1578,3,,,0
2029,'1495593',1047,,1579,3,,,0
2029,'1495595',1123,,1580,3,,,0
2029,'1495597',1203,,1581,3,,,0
2029,'1495599',1243,,1582,3,,,0
2029,'1495601',1323,,1583,3,,,0
2029,'1495603',1403,,1584,3,,,0
2029,'1495605',1443,,1585,3,,,0
2029,'1495607',1523,,1586,3,,,0
2029,'1495609',1603,,1587,3,,,0
2029,'1495611',1643,,1588,3,,,0
2029,'1495613',1723,,1589,3,,,0
2029,'1495615',1803,,1590,3,,,0
2029,'1495617',1843,,1591,3,,,0
2029,'1495619',1917,,1592,3,,,0
2029,'1495621',1947,,1593,3,,,0
2029,'1495623',2017,,1594,3,,,0
2029,'1495625',2047,,1595,3,,,0
2029,'1495627',2117,,1596,3,,,0
2029,'1495629',2147,,1597,3,,,0
2029,'1495674',1423,,1598,3,,,0
2029,'1495676',1503,,1599,3,,,0
2029,'1495678',1543,,1600,3,,,0
2029,'1495680',1623,,1601,3,,,0
2029,'1495682',1703,,1602,3,,,0
2029,'1495684',1743,,1603,3,,,0
