2019,'1495006',703,,1426,5,,,0
2019,'1495008',733,,1427,5,,,0
2019,'1495010',803,,1428,5,,,0
2019,'1495012',833,,1429,5,,,0
2019,'1495014',903,,1430,5,,,0
2019,'1495016',933,,1431,5,,,0
2019,'1495018',1003,,1432,5,,,0
2019,'1495020',1033,,1433,5,,,0
2019,'1495022',1104,,1434,5,,,0
2019,'1495024',1144,,1435,5,,,0
2019,'1495026',1224,,1436,5,,,0
2019,'1495028',1304,,1437,5,,,0
2019,'1495030',1344,,1438,5,,,0
2019,'1495032',1424,,1439,5,,,0
2019,'1495034',1504,,1440,5,,,0
2019,'1495036',1544,,1441,5,,,0
2019,'1495038',1624,,1442,5,,,0
2019,'1495040',1703,,1443,5,,,0
2019,'1495042',1733,,1444,5,,,0
2019,'1495044',1803,,1445,5,,,0
2019,'1495048',1903,,1446,5,,,0
2019,'1495052',2003,,1447,5,,,0
2019,'1495056',2103,,1448,5,,,0
2019,'1495060',2203,,1449,5,,,0
2019,'1495226',633,,1450,5,,,0
2019,'1495230',733,,1451,5,,,0
2019,'1495232',803,,1452,5,,,0
2019,'1495234',833,,1453,5,,,0
2019,'1495236',903,,1454,5,,,0
2019,'1495238',933,,1455,5,,,0
2019,'1495240',1003,,1456,5,,,0
2019,'1495242',1033,,1457,5,,,0
2019,'1495244',1104,,1458,5,,,0
2019,'1495246',1144,,1459,5,,,0
2019,'1495248',1224,,1460,5,,,0
2019,'1495250',1304,,1461,5,,,0
2019,'1495252',1344,,1462,5,,,0
2019,'1495254',1424,,1463,5,,,0
2019,'1495256',1504,,1464,5,,,0
2019,'1495258',1544,,1465,5,,,0
2019,'1495260',1624,,1466,5,,,0
2019,'1495262',1704,,1467,5,,,0
2019,'1495264',1744,,1468,5,,,0
2019,'1495266',1824,,1469,5,,,0
2019,'1495268',1903,,1470,5,,,0
2019,'1495270',1933,,1471,5,,,0
2019,'1495272',2003,,1472,5,,,0
2019,'1495274',2033,,1473,5,,,0
2019,'1495276',2103,,1474,5,,,0
2019,'1495278',2133,,1475,5,,,0
2019,'1495280',2203,,1476,5,,,0
2019,'1495282',2233,,1477,5,,,0
2019,'1495566',2233,,1478,5,,,0
2019,'1495570',503,,1479,5,,,0
2019,'1495572',533,,1480,5,,,0
2019,'1495574',603,,1481,5,,,0
2019,'1495576',633,,1482,5,,,0
2019,'1495578',703,,1483,5,,,0
2019,'1495580',733,,1484,5,,,0
2019,'1495582',803,,1485,5,,,0
2019,'1495584',833,,1486,5,,,0
2019,'1495586',903,,1487,5,,,0
2019,'1495588',933,,1488,5,,,0
2019,'1495590',1003,,1489,5,,,0
2019,'1495592',1033,,1490,5,,,0
2019,'1495594',1104,,1491,5,,,0
2019,'1495596',1144,,1492,5,,,0
2019,'1495598',1224,,1493,5,,,0
2019,'1495600',1304,,1494,5,,,0
2019,'1495602',1344,,1495,5,,,0
2019,'1495604',1424,,1496,5,,,0
2019,'1495606',1504,,1497,5,,,0
2019,'1495608',1544,,1498,5,,,0
2019,'1495610',1624,,1499,5,,,0
2019,'1495612',1704,,1500,5,,,0
2019,'1495614',1744,,1501,5,,,0
2019,'1495616',1824,,1502,5,,,0
2019,'1495618',1903,,1503,5,,,0
2019,'1495620',1933,,1504,5,,,0
2019,'1495622',2003,,1505,5,,,0
2019,'1495624',2033,,1506,5,,,0
2019,'1495626',2103,,1507,5,,,0
2019,'1495628',2133,,1508,5,,,0
2019,'1495673',1404,,1509,5,,,0
2019,'1495675',1444,,1510,5,,,0
2019,'1495677',1524,,1511,5,,,0
2019,'1495679',1604,,1512,5,,,0
2019,'1495681',1644,,1513,5,,,0
2019,'1495683',1724,,1514,5,,,0
140000019,'1495223',2258,,2230,34,,,0
140000019,'1495507',2358,,2231,34,,,0
140000019,'1495910',2358,,2232,34,,,0
