2029,'1495007',726,,1515,14,,,0
2029,'1495009',756,,1516,14,,,0
2029,'1495011',826,,1517,14,,,0
2029,'1495013',856,,1518,14,,,0
2029,'1495015',926,,1519,14,,,0
2029,'1495017',956,,1520,14,,,0
2029,'1495019',1026,,1521,14,,,0
2029,'1495021',1056,,1522,14,,,0
2029,'1495023',1135,,1523,14,,,0
2029,'1495025',1215,,1524,14,,,0
2029,'1495027',1255,,1525,14,,,0
2029,'1495029',1335,,1526,14,,,0
2029,'1495031',1415,,1527,14,,,0
2029,'1495033',1455,,1528,14,,,0
2029,'1495035',1535,,1529,14,,,0
2029,'1495037',1615,,1530,14,,,0
2029,'1495039',1655,,1531,14,,,0
2029,'1495041',1726,,1532,14,,,0
2029,'1495043',1756,,1533,14,,,0
2029,'1495045',1826,,1534,14,,,0
2029,'1495049',1926,,1535,14,,,0
2029,'1495053',2026,,1536,14,,,0
2029,'1495057',2126,,1537,14,,,0
2029,'1495061',2226,,1538,14,,,0
2029,'1495227',656,,1539,14,,,0
2029,'1495231',756,,1540,14,,,0
2029,'1495233',826,,1541,14,,,0
2029,'1495235',856,,1542,14,,,0
2029,'1495237',926,,1543,14,,,0
2029,'1495239',956,,1544,14,,,0
2029,'1495241',1026,,1545,14,,,0
2029,'1495243',1056,,1546,14,,,0
2029,'1495245',1135,,1547,14,,,0
2029,'1495247',1215,,1548,14,,,0
2029,'1495249',1255,,1549,14,,,0
2029,'1495251',1335,,1550,14,,,0
2029,'1495253',1415,,1551,14,,,0
2029,'1495255',1455,,1552,14,,,0
2029,'1495257',1535,,1553,14,,,0
2029,'1495259',1615,,1554,14,,,0
2029,'1495261',1655,,1555,14,,,0
2029,'1495263',1735,,1556,14,,,0
2029,'1495265',1815,,1557,14,,,0
2029,'1495267',1855,,1558,14,,,0
2029,'1495269',1926,,1559,14,,,0
2029,'1495271',1956,,1560,14,,,0
2029,'1495273',2026,,1561,14,,,0
2029,'1495275',2056,,1562,14,,,0
2029,'1495277',2126,,1563,14,,,0
2029,'1495279',2156,,1564,14,,,0
2029,'1495281',2226,,1565,14,,,0
2029,'1495283',2256,,1566,14,,,0
2029,'1495567',2256,,1567,14,,,0
2029,'1495571',526,,1568,14,,,0
2029,'1495573',556,,1569,14,,,0
2029,'1495575',626,,1570,14,,,0
2029,'1495577',656,,1571,14,,,0
2029,'1495579',726,,1572,14,,,0
2029,'1495581',756,,1573,14,,,0
2029,'1495583',826,,1574,14,,,0
2029,'1495585',856,,1575,14,,,0
2029,'1495587',926,,1576,14,,,0
2029,'1495589',956,,1577,14,,,0
2029,'1495591',1026,,1578,14,,,0
2029,'1495593',1056,,1579,14,,,0
2029,'1495595',1135,,1580,14,,,0
2029,'1495597',1215,,1581,14,,,0
2029,'1495599',1255,,1582,14,,,0
2029,'1495601',1335,,1583,14,,,0
2029,'1495603',1415,,1584,14,,,0
2029,'1495605',1455,,1585,14,,,0
2029,'1495607',1535,,1586,14,,,0
2029,'1495609',1615,,1587,14,,,0
2029,'1495611',1655,,1588,14,,,0
2029,'1495613',1735,,1589,14,,,0
2029,'1495615',1815,,1590,14,,,0
2029,'1495617',1855,,1591,14,,,0
2029,'1495619',1926,,1592,14,,,0
2029,'1495621',1956,,1593,14,,,0
2029,'1495623',2026,,1594,14,,,0
2029,'1495625',2056,,1595,14,,,0
2029,'1495627',2126,,1596,14,,,0
2029,'1495629',2156,,1597,14,,,0
2029,'1495674',1435,,1598,14,,,0
2029,'1495676',1515,,1599,14,,,0
2029,'1495678',1555,,1600,14,,,0
2029,'1495680',1635,,1601,14,,,0
2029,'1495682',1715,,1602,14,,,0
2029,'1495684',1755,,1603,14,,,0
8019,'1495087',836,,1960,30,,,0
8019,'1495090',956,,1961,30,,,0
8019,'1495093',1116,,1962,30,,,0
8019,'1495096',1236,,1963,30,,,0
8019,'1495099',1356,,1964,30,,,0
8019,'1495102',1516,,1965,30,,,0
8019,'1495105',1636,,1966,30,,,0
8019,'1495108',1756,,1967,30,,,0
8019,'1495111',1916,,1968,30,,,0
8019,'1495114',2036,,1969,30,,,0
8019,'1495117',2156,,1970,30,,,0
8019,'1495190',1156,,1971,30,,,0
8019,'1495347',716,,1972,30,,,0
8019,'1495350',836,,1973,30,,,0
8019,'1495353',956,,1974,30,,,0
8019,'1495356',1116,,1975,30,,,0
8019,'1495359',1236,,1976,30,,,0
8019,'1495362',1356,,1977,30,,,0
8019,'1495365',1516,,1978,30,,,0
8019,'1495368',1636,,1979,30,,,0
8019,'1495371',1756,,1980,30,,,0
8019,'1495374',1916,,1981,30,,,0
8019,'1495377',2036,,1982,30,,,0
8019,'1495380',2156,,1983,30,,,0
8019,'1495733',2216,,1984,30,,,0
8019,'1495911',656,,1985,30,,,0
8019,'1495912',736,,1986,30,,,0
8019,'1495913',816,,1987,30,,,0
8019,'1495914',856,,1988,30,,,0
8019,'1495915',936,,1989,30,,,0
8019,'1495916',1016,,1990,30,,,0
8019,'1495917',1056,,1991,30,,,0
8019,'1495918',1136,,1992,30,,,0
8019,'1495919',1216,,1993,30,,,0
8019,'1495920',1256,,1994,30,,,0
8019,'1495921',1336,,1995,30,,,0
8019,'1495922',1416,,1996,30,,,0
8019,'1495923',1456,,1997,30,,,0
8019,'1495924',1536,,1998,30,,,0
8019,'1495925',1616,,1999,30,,,0
8019,'1495926',1656,,2000,30,,,0
8019,'1495927',1736,,2001,30,,,0
8019,'1495928',1816,,2002,30,,,0
8019,'1495929',1856,,2003,30,,,0
8019,'1495930',1936,,2004,30,,,0
8019,'1495931',2016,,2005,30,,,0
8019,'1495932',2056,,2006,30,,,0
