30005019,'1495118',722,,2168,22,,,0
30005019,'1495120',822,,2169,22,,,0
30005019,'1495122',922,,2170,22,,,0
30005019,'1495124',1022,,2171,22,,,0
30005019,'1495126',1122,,2172,22,,,0
30005019,'1495128',1222,,2173,22,,,0
30005019,'1495130',1322,,2174,22,,,0
30005019,'1495132',1422,,2175,22,,,0
30005019,'1495134',1522,,2176,22,,,0
30005019,'1495136',1622,,2177,22,,,0
30005019,'1495138',1722,,2178,22,,,0
30005019,'1495140',1822,,2179,22,,,0
30005019,'1495142',1922,,2180,22,,,0
30005019,'1495144',2022,,2181,22,,,0
30005019,'1495146',2122,,2182,22,,,0
30005019,'1495385',622,,2183,22,,,0
30005019,'1495387',722,,2184,22,,,0
30005019,'1495389',822,,2185,22,,,0
30005019,'1495391',922,,2186,22,,,0
30005019,'1495393',1022,,2187,22,,,0
30005019,'1495395',1122,,2188,22,,,0
30005019,'1495397',1222,,2189,22,,,0
30005019,'1495399',1322,,2190,22,,,0
30005019,'1495401',1422,,2191,22,,,0
30005019,'1495403',1522,,2192,22,,,0
30005019,'1495405',1622,,2193,22,,,0
30005019,'1495407',1722,,2194,22,,,0
30005019,'1495409',1822,,2195,22,,,0
30005019,'1495411',1922,,2196,22,,,0
30005019,'1495413',2022,,2197,22,,,0
30005019,'1495415',2122,,2198,22,,,0
30005019,'1495417',2222,,2199,22,,,0
30005019,'1495760',1922,,2200,22,,,0
30005019,'1495762',2022,,2201,22,,,0
30005019,'1495764',2122,,2202,22,,,0
30005019,'1495766',2222,,2203,22,,,0
30005019,'1495768',522,,2204,22,,,0
30005019,'1495770',622,,2205,22,,,0
30005019,'1495772',722,,2206,22,,,0
30005019,'1495773',752,,2207,22,,,0
30005019,'1495774',822,,2208,22,,,0
30005019,'1495775',852,,2209,22,,,0
30005019,'1495776',922,,2210,22,,,0
30005019,'1495777',952,,2211,22,,,0
30005019,'1495778',1022,,2212,22,,,0
30005019,'1495779',1052,,2213,22,,,0
30005019,'1495780',1122,,2214,22,,,0
30005019,'1495781',1152,,2215,22,,,0
30005019,'1495782',1222,,2216,22,,,0
30005019,'1495783',1252,,2217,22,,,0
30005019,'1495784',1322,,2218,22,,,0
30005019,'1495785',1352,,2219,22,,,0
30005019,'1495786',1422,,2220,22,,,0
30005019,'1495787',1452,,2221,22,,,0
30005019,'1495788',1522,,2222,22,,,0
30005019,'1495789',1552,,2223,22,,,0
30005019,'1495790',1622,,2224,22,,,0
30005019,'1495791',1652,,2225,22,,,0
30005019,'1495792',1722,,2226,22,,,0
30005019,'1495793',1752,,2227,22,,,0
30005019,'1495794',1822,,2228,22,,,0
30005019,'1495795',1852,,2229,22,,,0
