10005019,'1495119',753,,2057,20,,,0
10005019,'1495121',853,,2058,20,,,0
10005019,'1495123',953,,2059,20,,,0
10005019,'1495125',1053,,2060,20,,,0
10005019,'1495127',1153,,2061,20,,,0
10005019,'1495129',1253,,2062,20,,,0
10005019,'1495131',1353,,2063,20,,,0
10005019,'1495133',1453,,2064,20,,,0
10005019,'1495135',1553,,2065,20,,,0
10005019,'1495137',1653,,2066,20,,,0
10005019,'1495139',1753,,2067,20,,,0
10005019,'1495141',1853,,2068,20,,,0
10005019,'1495143',1953,,2069,20,,,0
10005019,'1495145',2053,,2070,20,,,0
10005019,'1495147',2153,,2071,20,,,0
10005019,'1495386',653,,2072,20,,,0
10005019,'1495388',753,,2073,20,,,0
10005019,'1495390',853,,2074,20,,,0
10005019,'1495392',953,,2075,20,,,0
10005019,'1495394',1053,,2076,20,,,0
10005019,'1495396',1153,,2077,20,,,0
10005019,'1495398',1253,,2078,20,,,0
10005019,'1495400',1353,,2079,20,,,0
10005019,'1495402',1453,,2080,20,,,0
10005019,'1495404',1553,,2081,20,,,0
10005019,'1495406',1653,,2082,20,,,0
10005019,'1495408',1753,,2083,20,,,0
10005019,'1495410',1853,,2084,20,,,0
10005019,'1495412',1953,,2085,20,,,0
10005019,'1495414',2053,,2086,20,,,0
10005019,'1495416',2153,,2087,20,,,0
10005019,'1495418',2253,,2088,20,,,0
10005019,'1495736',723,,2089,20,,,0
10005019,'1495737',753,,2090,20,,,0
10005019,'1495738',823,,2091,20,,,0
10005019,'1495739',853,,2092,20,,,0
10005019,'1495740',923,,2093,20,,,0
10005019,'1495741',953,,2094,20,,,0
10005019,'1495742',1023,,2095,20,,,0
10005019,'1495743',1053,,2096,20,,,0
10005019,'1495744',1123,,2097,20,,,0
10005019,'1495745',1153,,2098,20,,,0
10005019,'1495746',1223,,2099,20,,,0
10005019,'1495747',1253,,2100,20,,,0
10005019,'1495748',1323,,2101,20,,,0
10005019,'1495749',1353,,2102,20,,,0
10005019,'1495750',1423,,2103,20,,,0
10005019,'1495751',1453,,2104,20,,,0
10005019,'1495752',1523,,2105,20,,,0
10005019,'1495753',1553,,2106,20,,,0
10005019,'1495754',1623,,2107,20,,,0
10005019,'1495755',1653,,2108,20,,,0
10005019,'1495756',1723,,2109,20,,,0
10005019,'1495757',1753,,2110,20,,,0
10005019,'1495758',1823,,2111,20,,,0
10005019,'1495759',1853,,2112,20,,,0
10005019,'1495761',1953,,2113,20,,,0
10005019,'1495763',2053,,2114,20,,,0
10005019,'1495765',2153,,2115,20,,,0
10005019,'1495767',2253,,2116,20,,,0
10005019,'1495769',553,,2117,20,,,0
10005019,'1495771',653,,2118,20,,,0
