10003019,'1495063',807,,2007,7,,,0
10003019,'1495065',907,,2008,7,,,0
10003019,'1495067',1007,,2009,7,,,0
10003019,'1495069',1107,,2010,7,,,0
10003019,'1495071',1207,,2011,7,,,0
10003019,'1495073',1307,,2012,7,,,0
10003019,'1495075',1407,,2013,7,,,0
10003019,'1495077',1507,,2014,7,,,0
10003019,'1495079',1607,,2015,7,,,0
10003019,'1495081',1707,,2016,7,,,0
10003019,'1495083',1807,,2017,7,,,0
10003019,'1495213',1907,,2018,7,,,0
10003019,'1495219',2107,,2019,7,,,0
10003019,'1495317',807,,2020,7,,,0
10003019,'1495319',907,,2021,7,,,0
10003019,'1495321',1007,,2022,7,,,0
10003019,'1495323',1107,,2023,7,,,0
10003019,'1495325',1207,,2024,7,,,0
10003019,'1495327',1307,,2025,7,,,0
10003019,'1495329',1407,,2026,7,,,0
10003019,'1495331',1507,,2027,7,,,0
10003019,'1495333',1607,,2028,7,,,0
10003019,'1495335',1707,,2029,7,,,0
10003019,'1495337',1807,,2030,7,,,0
10003019,'1495339',1907,,2031,7,,,0
10003019,'1495341',2007,,2032,7,,,0
10003019,'1495343',2107,,2033,7,,,0
10003019,'1495451',707,,2034,7,,,0
10003019,'1495630',637,,2035,7,,,0
10003019,'1495632',737,,2036,7,,,0
10003019,'1495633',807,,2037,7,,,0
10003019,'1495634',837,,2038,7,,,0
10003019,'1495635',907,,2039,7,,,0
10003019,'1495636',937,,2040,7,,,0
10003019,'1495637',1007,,2041,7,,,0
10003019,'1495638',1037,,2042,7,,,0
10003019,'1495639',1107,,2043,7,,,0
10003019,'1495640',1137,,2044,7,,,0
10003019,'1495641',1207,,2045,7,,,0
10003019,'1495642',1237,,2046,7,,,0
10003019,'1495643',1307,,2047,7,,,0
10003019,'1495644',1337,,2048,7,,,0
10003019,'1495646',1437,,2049,7,,,0
10003019,'1495648',1537,,2050,7,,,0
10003019,'1495650',1637,,2051,7,,,0
10003019,'1495652',1737,,2052,7,,,0
10003019,'1495654',1837,,2053,7,,,0
10003019,'1495656',1937,,2054,7,,,0
10003019,'1495658',2037,,2055,7,,,0
10003019,'1495660',2137,,2056,7,,,0
140000019,'1495223',2249,,2230,22,,,0
140000019,'1495507',2349,,2231,22,,,0
140000019,'1495910',2349,,2232,22,,,0
